prediction	target	loss	dist
g a g a l e i k ō S226:d S250:a S297:u		8.916789054870605	12
g a d i g a n S250:a S261:n S272:s		8.98881721496582	10
s t a i g S278:ō S285:s		9.325180053710938	7
𐍆 𐍂 𐌰 𐌼 𐌰 𐌸 S38:𐌾 S49:𐌰 𐌹		9.020354270935059	9
l i u h a d e i n S250:a S261:n S272:s		9.17736530303955	12
t a i k n S141:i S226:d S231:ē S262:d S297:u S302:m		9.014896392822266	11
𐌼 𐌹 𐌳 𐌿 𐌼 𐍉 𐌽 𐌳 S186:𐌰 S194:𐌼		9.616387367248535	10
𐌿 𐍃 𐌻 𐌰 𐌿 𐌱 𐌾 𐌰 S206:𐌹		9.314266204833984	9
𐌹 𐌽 𐍅 S52:𐌴 𐌹 𐍄 S186:𐌰 S206:𐌹 S237:𐍅 S294:𐌰		9.157550811767578	10
a f h ō l ō S243:z S250:a S297:u		9.00864315032959	9
𐍅 𐍂 𐍉 𐌷 𐌹 S174:𐌳 S186:𐌰 S206:𐌹 S236:𐌶 S238:𐌴		9.126351356506348	10
𐍆 𐌰 𐌲 𐌹 𐌽 𐍉		9.006417274475098	6
𐌳 𐌹 𐍃 𐌳 𐌰 𐌹 𐌻 S168:𐌾 S186:𐌰 S192:𐌽 S230:𐌳 S255:𐍃		9.248421669006348	12
𐍃 𐌰 𐍄 𐌹 S218:𐌸 S255:𐍃		9.237464904785156	6
𐌰 𐌻 𐌻 𐌰 𐍅 𐌰 𐌿 𐍂 𐍃 𐍄 𐍅 S206:𐌹 S235:𐌽 S255:𐍃		9.073770523071289	14
a f l i n n a S141:i S190:n S250:a		8.998939514160156	10
f i t a n d S187:ō S190:n S250:a		9.179226875305176	9
p a i d S278:ō S285:s		10.083941459655762	6
𐌰 𐌿 𐌳 𐌰 𐌷 𐌰 𐍆 𐍄 S186:𐌰 S206:𐌹 S265:𐌼		9.071101188659668	11
u f s t r a u j a S141:i S226:d S250:a S297:u		9.192668914794922	13
𐍈 𐌴 𐌹 𐌻 𐌰 S155:𐌹 S169:𐌳 S171:𐌴 S174:𐌳 S201:𐌴 S206:𐌹 S255:𐍃		10.126630783081055	12
f a u r a m a n w S141:i S226:d S231:ē S291:d S297:u		9.220958709716797	14
þ S131:ū S132:k S133:j S137:a S190:n S226:d S250:a		9.072643280029297	8
h u z d S123:e S141:i S228:þ		9.22681999206543	7
𐌲 𐌰 𐌼 𐌰 𐍂 𐌶 𐌾 𐌰 S174:𐌳 S186:𐌰		8.953124046325684	10
𐌷 𐌿 𐌻 𐌾 S206:𐌹 S218:𐌸		9.238297462463379	6
𐌰 𐍄 𐍂 𐌹 𐌽 𐌽		8.98444652557373	6
𐌱 𐌴 𐌹 𐍃 𐍄		9.041006088256836	5
u s b S31:ē r S141:i		9.221505165100098	6
𐌲 𐌰 𐌷 𐌰 𐌹 𐌻 𐌽 𐌰 𐌽 S230:𐌳 S255:𐍃		8.972245216369629	11
𐌲 𐌰 𐌻 𐌹 𐌿 𐌲 𐌰 S155:𐌹 S174:𐌳 S201:𐌴 S230:𐌳 S251:𐌿 S253:𐍄 S255:𐍃		9.002233505249023	14
h a u h h a i r t S212:ō		9.338078498840332	10
h a i l S278:ō S285:s		9.401028633117676	6
w i p j S278:ō S285:s		9.206466674804688	6
t u l g S141:i S226:d S231:ē S262:d S269:e S270:i S272:s		8.78453540802002	11
f r a w r ō h i S226:d S250:a S283:m		9.18608570098877	11
a n a n a m n j a S243:z S250:a		9.033763885498047	11
𐌿 𐍆 𐌰 𐍂 𐌰 𐍃 𐍃 S201:𐌴 S206:𐌹		9.357935905456543	9
𐍅 𐌰 𐍂 𐌼 𐌾 𐌰 𐌽 𐌳 S186:𐌰		9.05982780456543	9
f a u r a g a t S70:a i h		9.191099166870117	11
s S31:ē t S123:e S141:i S272:s		9.266468048095703	6
𐌲 𐌰 𐍄 𐌰 𐌽 𐌳 S168:𐌾 S186:𐌰 S206:𐌹 S229:𐌽 S230:𐌳 S294:𐌰 S308:𐌿		8.980781555175781	13
w i g S61:ō s		9.251075744628906	5
𐌱 𐌹 𐌳 𐍉 𐌼 S155:𐌹 S174:𐌳 S201:𐌴 S203:𐌳 S206:𐌹		9.09273910522461	10
p a u r p u r ō S226:d S278:ō		10.119400024414062	10
𐌳 𐌰 𐌳 𐌳 𐌾 𐌰 𐌽 𐌳 S186:𐌰		9.296504974365234	9
𐍅 𐌹 𐌸 𐍂 𐌰 S155:𐌹 S169:𐌳 S174:𐌳 S177:𐌾 S201:𐌴 S230:𐌳 S282:𐌿 S306:𐌼		9.069669723510742	13
𐌲 𐍂 𐌴 𐌹 𐍄 𐌰 S175:𐌹 S176:𐌼 S186:𐌰		8.850372314453125	9
𐌹 𐌿 𐌳 𐌰 𐌹 𐍅 𐌹 𐍃 𐌺 𐍉 S176:𐌼 S186:𐌰		9.114588737487793	12
𐌿 𐌽 𐌷 𐍂 𐌰 𐌹 𐌽 S168:𐌾 S186:𐌰 S192:𐌽 S255:𐍃		9.352144241333008	11
𐌺 𐌹 𐌿 𐍃 𐌰 𐌽 𐌳 S147:𐍃		9.311544418334961	8
a n d a h a i t S250:a S283:m		9.063708305358887	10
s p i l d S278:ō S285:s		9.390253067016602	7
𐌰 𐍆 𐌼 𐌰 S143:𐌿 S155:𐌹 S174:𐌳 S201:𐌴 S230:𐌳 S282:𐌿 S303:𐌸		9.154102325439453	11
f a g i n ō S190:n S226:d S250:a S297:u		9.214422225952148	10
𐍆 𐍂 𐌰 𐍅 𐌰 𐌹 𐍂 𐌸 S186:𐌰 S206:𐌹 S237:𐍅 S294:𐌰		9.006402015686035	12
𐌰 𐌽 𐌳 𐌷 𐌰 𐌿 𐍃 𐌾 𐌰 S206:𐌹 S214:𐍄 S255:𐍃		9.09062385559082	12
b i f a i h ō S226:d S250:a S297:u		9.15694522857666	10
g a a i g i n ō S117:d S118:ē S122:d S123:e S141:i S272:s		8.927075386047363	14
𐍆 𐌰 S157:𐍅 S206:𐌹 S235:𐌽 S255:𐍃		8.865477561950684	6
s i l u b r S197:a		9.311579704284668	7
𐌳 𐍅 𐌰 𐌻 𐌼 𐍉 S174:𐌳 S201:𐌴 S203:𐌳 S206:𐌹		9.19735050201416	10
𐌲 𐌰 𐌳 𐌰 𐌿 𐌸 𐌽 𐌰 𐌽 𐌳 S186:𐌰 S194:𐌼		9.014485359191895	12
𐌼 𐌴 𐌻 𐌾 𐌰 𐌽 𐌳 S201:𐌴 S206:𐌹 S235:𐌽 S305:𐍉		9.599114418029785	11
𐌲 𐌰 𐌽 𐌹 𐌿 𐍄 𐌰 S155:𐌹 S169:𐌳 S171:𐌴 S174:𐌳 S201:𐌴 S206:𐌹 S255:𐍃		8.958454132080078	14
g a s w ō g S133:j S137:a S141:i S190:n S226:d S250:a S297:u		8.962057113647461	13
𐌵 𐌹 𐌽 𐌴 𐌹 𐌽 S186:𐌰		9.607170104980469	7
𐌿 𐍃 𐌳 𐌰 𐌿 𐌳 𐍉 𐌶 S186:𐌰 S192:𐌽 S255:𐍃		9.329263687133789	11
𐌰 𐌽 𐌳 𐌱 𐌴 𐌹 𐍄 𐌰 S156:𐌽 S174:𐌳 S186:𐌰		9.088018417358398	11
𐌷 𐌿 𐌽 𐍃 𐌻 S206:𐌹 S255:𐍃		9.197931289672852	7
𐌱 𐌰 𐍂 𐌿 𐍃 𐌽 S201:𐌴 S206:𐌹		9.020123481750488	8
p i s t i k e i n S250:a S286:n S298:ē		10.101790428161621	12
𐌸 𐌿 𐌻 𐌰 𐌹 𐌽 S54:𐌹 S89:𐌽 𐍃		9.449182510375977	9
𐌱 𐌹 𐍃 𐌺 S173:𐍉 S198:𐍆		9.0380277633667	6
g a k u n n S137:a S141:i S226:d S231:ē S262:d S297:u S302:m		9.082883834838867	13
𐌿 𐍃 𐌷 𐌰 𐍆 𐌾 𐌰 𐌽 𐌳 S173:𐍉 S180:𐌽 S186:𐌰		9.348060607910156	12
𐌰 𐌽 𐌰 𐌽 𐌹 𐌿 𐌾 𐌰 S155:𐌹 S157:𐍅 S186:𐌰		9.074369430541992	11
g a w a u r t S278:ō S283:m		8.968390464782715	9
𐍆 𐌰 𐌹 𐌷 𐌿 𐌲 𐌴 𐌹 𐌲 𐌰 S155:𐌹 S156:𐌽 S174:𐌳 S186:𐌰 S282:𐌿		9.025554656982422	15
s ō k S141:i S226:d S231:ē S262:d S275:i		9.373848915100098	8
𐌿 𐍃 𐍃 𐍄 𐌰 𐌽 𐌳 𐌰 𐌽 S186:𐌰 S192:𐌽 S255:𐍃		9.367161750793457	12
𐌸 𐌰 𐌿 𐍂 𐍃 S168:𐌾 S186:𐌰 S192:𐌽 S255:𐍃		9.483047485351562	9
𐌿 𐍃 𐌺 𐌰 𐌽 𐌽 S155:𐌹 S174:𐌳 S186:𐌰		9.33831787109375	9
𐍃 𐍅 𐌰 𐌻 𐌰 𐌿 S174:𐌳 S186:𐌰 S206:𐌹 S236:𐌶 S305:𐍉		9.404434204101562	11
g a f r a u j i n ō S226:d S250:a		8.926189422607422	12
a f m a i t S137:a S141:i S190:n S226:d S250:a S297:u		9.012535095214844	12
a f a i r z j a S226:d S250:a		8.96562385559082	10
𐌳 𐌹 S152:𐌲 S186:𐌰 S206:𐌹 S255:𐍃		9.212141036987305	6
a f h r i s S141:i S226:d S231:ē S291:d S297:u S307:þ		9.085755348205566	12
a u d a h a f t S250:a S261:n S272:s		9.011433601379395	11
h r a i n j a h a i r t S278:ō S283:m		9.415043830871582	14
h r a i n S244:j S250:a S261:n S262:d S272:s		9.351479530334473	10
𐍆 𐍂 𐌰 𐍅 𐌰 𐌿 𐍂 S166:𐌺 S168:𐌾 S186:𐌰 S206:𐌹 S214:𐍄 S255:𐍃		9.023699760437012	13
t i m r S141:i S226:d S231:ē S262:d S263:u S268:t S272:s		9.006552696228027	11
𐍄 𐌿 𐌽 𐌳 𐌽 S173:𐍉 S174:𐌳 S201:𐌴 S230:𐌳 S282:𐌿		9.152958869934082	10
h a b S189:ā S190:n S226:d S250:a		9.359460830688477	7
a i r i z S212:ō		8.914606094360352	6
𐌲 𐌰 𐍅 𐌰 𐌽 𐌳 S168:𐌾 S186:𐌰 S192:𐌽 S230:𐌳 S255:𐍃		8.955360412597656	11
𐌰 𐍆 𐍃 𐍅 𐌰 𐌲 𐌲 𐍅 S155:𐌹 S174:𐌳 S201:𐌴 S230:𐌳 S282:𐌿 S303:𐌸		9.183966636657715	14
𐍆 𐌿 𐌻 𐌻 𐌰 𐍆 𐍂 𐌰 𐌸 S168:𐌾 S186:𐌰 S192:𐌽 S230:𐌳 S294:𐌰		9.072718620300293	14
f a u r a g a h u g S141:i S226:d S231:ē S291:d S297:u		9.217881202697754	15
𐍃 𐍄 𐌹 𐌲 𐌵 𐌰 S206:𐌹 S214:𐍄 S255:𐍃		9.3883695602417	9
d i s w a l w		9.099344253540039	7
𐍃 𐌰 S174:𐌳 S186:𐌰 S214:𐍄 S294:𐌰		9.212754249572754	6
g a w a l j a S190:n S226:d S250:a		8.951533317565918	10
þ a i r h S141:i S226:d S240:d S244:j S260:ē S262:d S297:u S307:þ		9.124582290649414	13
𐌼 𐌹 𐌸 𐌿 𐍃 𐌺 𐌹 𐌽 S173:𐍉 S174:𐌳 S201:𐌴 S230:𐌳 S251:𐌿 S253:𐍄 S255:𐍃		9.600589752197266	15
𐌽 𐌴 𐌸 𐌻 S173:𐍉 S255:𐍃		9.128874778747559	6
𐌸 𐍂 𐌰 𐌲 𐌾 𐌰 𐌽 𐌳 S49:𐌰 S89:𐌽 𐍃		9.508994102478027	11
𐌲 𐌰 𐍂 𐌰 𐌹 𐌷 𐍄 S173:𐍉 S192:𐌽 S255:𐍃		8.96544075012207	10
s i p ō n j a S141:i S190:n S250:a		9.365208625793457	10
u n h i n d a r w e i s S250:a S261:n S272:s		9.187753677368164	15
𐌺 𐌰 𐌿 𐍀 𐌰 𐍄 S168:𐌾 S186:𐌰 S206:𐌹 S229:𐌽 S230:𐌳 S294:𐌰 S308:𐌿		9.309303283691406	13
u s l a g j a n d S123:e S141:i S190:n S272:s		9.224069595336914	13
b a i d i S226:d S250:a S286:n		9.214109420776367	8
g a j i u k S137:a S141:i S226:d S231:ē S262:d S297:u S307:þ		9.00533390045166	13
𐌲 𐍂 𐌿 𐌽 𐌳 𐌿 𐍅 𐌰 𐌳 𐌳 𐌾 S206:𐌹 S237:𐍅 S238:𐌴		8.930219650268555	14
þ e i ƕ ō S190:n S272:s		9.052872657775879	7
g a t a i r a n d S144:s		8.907407760620117	10
𐌱 𐌻 𐌰 𐌽 𐌳 S162:𐌰 S174:𐌳 S186:𐌰 S282:𐌿		9.098268508911133	9
f a h ē d S123:e S141:i S272:s		9.155377388000488	8
w r a k j a S243:z S250:a		9.204447746276855	8
𐌳 𐍉 𐌼 S168:𐌾 S186:𐌰 S206:𐌹 S236:𐌶 S294:𐌰 S308:𐌿		9.22000503540039	9
𐍆 𐌰 𐌿 𐍂 𐌰 𐌲 𐌰 𐌲 𐌲 S206:𐌹 S235:𐌽 S255:𐍃		9.045260429382324	12
𐍆 𐍂 𐌰 𐌼 𐌰 𐌸 S201:𐌴 S206:𐌹 S218:𐌸		9.008373260498047	9
𐌰 𐍆 𐌷 𐍂 𐌰 𐌹 𐌽 S155:𐌹 S174:𐌳 S201:𐌴 S203:𐌳 S206:𐌹		9.099308013916016	12
𐍃 𐍅 𐌹 𐌽 𐌸 𐌽 S186:𐌰 S206:𐌹 S214:𐍄 S255:𐍃		9.389370918273926	10
b a i r h t S278:ō S285:s		9.285948753356934	8
𐌲 𐌰 𐌵 𐌹 𐌿 𐌽 S186:𐌰 S206:𐌹 S255:𐍃		8.943161964416504	9
𐌲 𐌰 𐌲 𐌰 𐍅 𐌰 𐌹 𐍂 𐌸 S177:𐌾 S186:𐌰		8.964245796203613	11
m a h t S250:a S283:m		9.353883743286133	6
h l e i b S141:i S226:d S231:ē S291:d S297:u		9.426437377929688	10
𐍆 𐌰 𐌿 𐍂 𐌰 S206:𐌹 S230:𐌳 S238:𐌴 S281:𐌳 S282:𐌿		9.029169082641602	10
𐌺 𐌰 𐌿 𐍂 S168:𐌾 S186:𐌰 S206:𐌹 S230:𐌳 S294:𐌰 S308:𐌿		9.267446517944336	10
𐌷 𐌰 𐍄 𐌰 S206:𐌹 S255:𐍃		9.236244201660156	6
𐌲 𐌰 𐌹 𐍂 𐌽 S155:𐌹 S169:𐌳 S171:𐌴 S174:𐌳 S201:𐌴 S206:𐌹 S255:𐍃		8.938528060913086	12
𐍆 𐍉 𐌳 𐌴 𐌹 𐌽 S77:𐍉 𐍃		9.008983612060547	8
𐌱 𐌹 𐍂 𐌿 𐌽 𐌰 𐌹 𐌽 S52:𐌴 S54:𐌹 𐍃		9.033798217773438	11
𐌲 𐌰 𐌼 𐌰 𐌻 𐍅 𐌾 𐌰 S175:𐌹 S176:𐌼 S186:𐌰		8.94991683959961	11
𐍃 𐌹 𐌲 𐌻 𐌾 𐌰 𐌽 𐌳 S54:𐌹 S89:𐌽 𐍃		9.372552871704102	11
a i r z S244:j S250:a		8.911346435546875	6
l a i s S133:j S137:a S141:i S246:w S250:a		9.161523818969727	9
w a i n a h S212:ō		9.25302791595459	7
𐌲 𐌰 𐍃 𐍄 𐍉 𐌾 𐌰 𐌽 S186:𐌰 S192:𐌽 S238:𐌴		8.952011108398438	11
𐌰 𐍄 𐌽 S186:𐌰 S194:𐌼		9.07703971862793	5
𐍃 𐍄 𐌹 𐌿 𐍂 𐌾 𐌰 S54:𐌹 𐌽 S186:𐌰		9.387269020080566	10
s w i l t a S141:i S246:w S250:a		9.353597640991211	9
þ e i h S250:a S283:m		9.034218788146973	6
𐌰 𐍄 𐌽 𐌹 𐌼 𐌰 S155:𐌹 S179:𐌶 S186:𐌰 S282:𐌿		9.07313346862793	10
k a r ō S226:d S231:ē S291:d S297:u		9.383902549743652	8
b a i d j S197:a S226:d S250:a S297:u		9.234611511230469	9
f r a w r ō h j a		9.174114227294922	9
g a s k a m S137:a S141:i S226:d S231:ē S262:d S297:u		8.951990127563477	12
u f a r m u n n ō S144:s		9.201087951660156	10
𐌼 𐌰 𐌲 𐌰 𐌽 𐌳 S186:𐌰 S194:𐌼		9.63342571258545	8
u f a r s k a d w j a S141:i S190:n S226:d S250:a S297:u		9.214983940124512	16
𐍂 𐌴 𐌹 𐌺 S168:𐌾 S186:𐌰 S194:𐌼 S265:𐌼 S294:𐌰		9.081364631652832	9
d a u S127:b S250:a S286:n S298:ē		9.173364639282227	7
𐌲 𐌰 𐍅 𐌰 𐌳 𐌾 𐍉 S157:𐍅 S186:𐌰		8.92426872253418	9
u f a r m u n n ō S220:t S272:s		9.201227188110352	11
𐍃 𐌰 𐌼 𐌰 𐌺 𐌿 𐌽 S168:𐌾 S206:𐌹 S235:𐌽		9.417947769165039	10
𐌰 𐍆 𐌻 𐌰 S206:𐌹 S208:𐌻 S210:𐍉 S214:𐍄		9.033608436584473	8
d i s t a u r n a		9.155591011047363	9
l a i s e i g S187:ō S190:n S272:s		9.201805114746094	10
𐌰 𐍆 𐍃 𐍅 𐌰 𐌲 𐌲 𐍅 𐌹 S174:𐌳 S186:𐌰 S206:𐌹 S265:𐌼		9.111927032470703	13
a u þ S244:j S250:a S275:i S276:z S278:ō		8.976733207702637	8
𐌷 𐌰 𐍂 𐌳 S168:𐌾 S173:𐍉 S192:𐌽 S255:𐍃		9.039822578430176	8
h r a i n e i n S61:ō s		9.31416130065918	10
𐍅 𐌰 𐌾 𐌰 𐌼 𐌴 𐍂 S155:𐌹 S174:𐌳 S186:𐌰		9.064505577087402	10
𐍆 𐌿 𐌻 𐌻 𐌰 𐍄 𐍉 𐌾		9.022850036621094	8
𐌰 𐌿 𐍃 𐍉 S192:𐌽		9.018515586853027	5
b i s a u l n S187:ō S226:d S231:ē S262:d S269:e S270:i S272:s		9.164447784423828	14
a t f a r S82:j a S226:d S250:a		8.97723388671875	9
𐍃 𐌰 𐌽 𐌳 𐌾 𐌰 𐌽 𐌳 S173:𐍉 S180:𐌽 S186:𐌰		9.368122100830078	11
w a i l a s p i l l ō S243:z S250:a		9.28611946105957	13
𐍄 𐌴 𐌺 𐌰 𐌽 𐌳 S201:𐌴 S206:𐌹 S235:𐌽		9.170845031738281	9
h r ū k S133:j S197:a S243:z S250:a		9.28475284576416	8
𐌲 𐌰 𐍆 𐌰 𐌷 𐌰 𐌽 S186:𐌰		8.96561336517334	8
𐌿 𐌽 𐍆 𐌰 𐌿 𐍂 𐍅 𐌴 𐌹 𐍃 S173:𐍉 S192:𐌽 S255:𐍃		9.341104507446289	13
𐌰 𐌽 𐌳 𐌱 𐌿 𐌽 𐌳 𐌰 𐌽 S186:𐌰 S194:𐌼		9.109954833984375	11
g a t a u j a n d S250:a S286:n S298:ē		8.977160453796387	12
𐍃 𐍅 𐌴 𐍃		9.22047233581543	4
𐌱 𐌹 𐌷 𐌰 𐌹 𐍄 S186:𐌰		9.007333755493164	7
g a þ r e i h a n d S123:e S141:i S190:n		8.906415939331055	13
b a i d i S68:d S102:ō s		9.263773918151855	8
u s k e i n S197:a S226:d S250:a		9.237979888916016	9
𐌲 𐌰 𐌽 𐌰 𐌲 𐌻 S168:𐌾 S186:𐌰 S206:𐌹 S229:𐌽 S230:𐌳 S294:𐌰 S308:𐌿		8.971027374267578	13
w a n		9.189335823059082	3
a f a r l a i s t S141:i S226:d S231:ē S262:d S275:i		9.053450584411621	14
𐌿 𐌽 𐍃 𐍅 𐌴 𐌹 𐌱 𐌰 𐌽 𐌳 S54:𐌹 S89:𐌽 𐍃		9.340493202209473	13
h l e i b S82:j a S226:d S250:a S297:u		9.314098358154297	10
g a r a i h t e i n S250:a S275:i		8.923254013061523	12
𐍅 𐍂 𐌰 𐍄 𐍉 S174:𐌳 S186:𐌰		9.056160926818848	7
þ a u r f t ō z S187:ō S190:n S272:s		9.155272483825684	11
𐌲 𐌰 𐍄 𐌿 𐌻 𐌲 S177:𐌾 S186:𐌰		8.925742149353027	8
h a l d a n S187:ō S190:n S272:s		9.427286148071289	9
s l ē p S137:a S141:i S226:d S250:a S297:u		9.392139434814453	9
g S70:a s a k S137:a S141:i S190:n S250:a		8.840378761291504	9
𐌿 𐍃 𐌷 𐌰 S54:𐌹 𐌷 𐌰 S142:𐌷 S143:𐌿 S194:𐌼		9.438318252563477	10
𐍃 𐌽 S155:𐌹 S157:𐍅 S186:𐌰 S206:𐌹 S265:𐌼 S294:𐌰		9.373629570007324	8
a u d a g S133:j S137:a S141:i S190:n S226:d S250:a S297:u		8.956415176391602	12
a l a þ a r b S278:ō S283:m		9.02444076538086	9
𐌼 𐌹 𐌻 𐌹 𐍄 𐍉 S174:𐌳 S201:𐌴 S230:𐌳 S282:𐌿 S306:𐌼		9.641609191894531	11
b a r n i s k S141:i S272:s		9.291068077087402	9
f r a b a S73:i r S250:a S261:n S262:d S272:s		9.199966430664062	11
𐌰 𐌿 𐌷 𐌼 𐌹 𐍃 𐍄 S186:𐌰 S192:𐌽		9.078265190124512	9
d a u b e i S190:n		9.150732040405273	7
g a s p i l l ō S190:n S226:d S250:a S297:u		8.992053985595703	12
g a w a u r t S187:ō S190:n S272:s		8.986666679382324	10
𐌲 𐌰 𐌻 𐌰 𐌿 S148:𐌱 S186:𐌰 S214:𐍄 S294:𐌰		8.963627815246582	9
𐌲 𐌰 𐌳 𐍉 𐌼 𐌾 𐌰 𐌽 𐌳 S186:𐌰 S194:𐌼		8.979630470275879	11
s u p ō S228:þ		9.27344036102295	5
f a g r S250:a S261:n S272:s		9.205829620361328	7
g a h u l j a S141:i S272:s		8.891487121582031	9
𐍆 𐌰 𐌲 𐌹 𐌽 𐍉 S156:𐌽 S174:𐌳 S186:𐌰		9.026200294494629	9
𐌲 𐌰 𐌻 𐌰 𐌿 𐌲 𐌽 S168:𐌾 S186:𐌰 S206:𐌹 S229:𐌽 S230:𐌳 S294:𐌰 S308:𐌿		8.975923538208008	14
𐌿 𐍃 𐌸 𐌹 𐌽 𐍃 𐌰 S206:𐌹 S214:𐍄 S255:𐍃		9.322171211242676	10
s t S70:a l		9.29180908203125	4
b i s k S61:ō b S163:u S207:m		9.18336009979248	8
f i t		9.022212982177734	3
d i s t a u r n a S141:i S220:t S272:s		9.163447380065918	12
𐌱 𐌹 𐍆 𐌰 𐌹 𐌷 𐍉 S157:𐍅 S186:𐌰		9.013349533081055	9
b l e i S226:d S244:j S278:ō S286:n		9.180135726928711	8
a i r i n ō S220:t S272:s		8.990018844604492	8
𐌹 𐌽 𐌽 𐌲 𐌰 𐌻 𐌴 𐌹 𐌸 𐌰 𐌽 𐌳 S173:𐍉 S180:𐌽 S186:𐌰		9.172319412231445	15
a t w a u r p a n S278:ō S285:s		9.017542839050293	11
g ō S226:d S250:a S261:n S272:s		8.966865539550781	6
𐌿 𐍃 𐍆 S56:𐌿 𐌻 𐌷 S143:𐌿		9.325374603271484	7
𐌼 𐌹 𐌸 𐌲 𐌰 𐍄 𐌹 𐌼 𐍂 𐌹 S169:𐌳 S173:𐍉		9.572824478149414	12
g a t a i r a n d S44:e S73:i S88:n s		8.979114532470703	13
h i l p a n d S123:e S141:i S190:n		9.322806358337402	10
𐍆 𐍂 𐌰 𐍅 𐌰 𐍂 𐌳 S155:𐌹 S174:𐌳 S201:𐌴 S203:𐌳 S206:𐌹		9.016862869262695	12
u s d r e i b a n d S197:a		9.224061012268066	11
𐌷 𐌹 𐌼 𐌹 𐌽 𐌰 𐌺 𐌿 𐌽 𐌳 S186:𐌰 S206:𐌹 S265:𐌼		9.323568344116211	13
f a i r g r e i p a n d S123:e S141:i S190:n		9.217748641967773	15
d r ō b j a n d S123:e S141:i S190:n S278:ō		9.174020767211914	12
l a þ ō S228:þ		9.203579902648926	5
a t s S31:ē ƕ S123:e S141:i S272:s		8.956229209899902	8
𐌲 𐌰 𐌻 𐌹 𐍃 𐌰 S206:𐌹 S218:𐌸		8.943620681762695	8
𐌳 𐌹 𐍃 𐌳 𐌰 𐌹 𐌻 𐌹 S174:𐌳 S186:𐌰 S192:𐌽 S201:𐌴		9.288776397705078	12
𐌿 𐌽 𐌱 𐌰 𐍂 𐌽 𐌰 𐌷 S186:𐌰 S206:𐌹 S236:𐌶 S305:𐍉		9.353856086730957	12
𐍆 𐌰 𐌹 𐍂 𐍅 𐌰 𐌿 𐍂 𐌺 S168:𐌾 S186:𐌰 S206:𐌹 S230:𐌳 S294:𐌰 S308:𐌿		9.058286666870117	15
g a h u l j a S243:z S250:a		8.894939422607422	9
g a l a u s i S226:d S250:a S286:n S298:ē		8.989630699157715	11
𐍆 𐌰 𐌿 𐍂 𐌰 𐌲 𐌰 𐌲 𐌲 𐌰 S206:𐌹 S255:𐍃		9.031266212463379	12
𐌵 𐌰 𐌹 𐍂 S177:𐌾 S186:𐌰		9.4873685836792	6
g a d a i l S244:j S250:a S256:i S272:s		8.890857696533203	10
𐌼 𐌴 𐍂 𐌹 S174:𐌳 S186:𐌰 S206:𐌹 S236:𐌶 S254:𐍉 S255:𐍃		9.62332820892334	10
f a i h u g a i r n S187:ō S190:n S250:a		9.227481842041016	13
𐌰 𐍆 𐌽 S54:𐌹 𐌼 S162:𐌰 S174:𐌳 S186:𐌰 S282:𐌿		9.090300559997559	9
𐌲 𐌰 𐌸 𐍂 𐌰 𐍆 𐍃 𐍄 𐌹 S174:𐌳 S186:𐌰 S194:𐌼		8.99150276184082	12
a n a s i l S137:a S141:i S190:n S250:a		9.069820404052734	10
b r u n j ō S190:n		9.184185028076172	7
𐌷 𐌰 𐌹 𐌷 S186:𐌰 S192:𐌽 S255:𐍃		9.276857376098633	7
𐌰 𐌿 𐌷 𐌼 𐌹 𐍃 𐍄 S186:𐌰		9.064180374145508	8
𐌿 𐍃 𐍆 𐌿 𐌻 𐌻 𐌾 𐌰 S156:𐌽 S174:𐌳 S186:𐌰		9.333915710449219	11
s k u l d S141:i S190:n S272:s		9.288827896118164	8
𐌲 𐌰 𐍂 𐌰 𐌷 𐌽 S38:𐌾 𐌰 S174:𐌳 S186:𐌰		8.926068305969238	10
𐌿 𐍆 𐍃 𐍄 𐍂 𐌰 S50:𐍅 S54:𐌹 S87:𐌳 𐌰 S206:𐌹 S255:𐍃		9.336387634277344	12
𐍆 𐍂 𐌰 𐌵 𐌹 𐍃 𐍄 𐌾 𐌰 𐌽 𐌳 S54:𐌹 S89:𐌽 𐍃		9.006333351135254	14
𐍄 𐍅 𐌴 𐌹 𐍆 𐌻 S201:𐌴 S206:𐌹		9.101937294006348	8
𐍆 𐌻 𐍉 𐌳 S38:𐌾 𐌿 𐍃		8.94826889038086	7
𐌼 𐌰 𐌽 𐌰 𐌲 𐌽 𐌰 𐌽 𐌳 S201:𐌴 S206:𐌹 S235:𐌽		9.636642456054688	12
g a b i d S141:i S226:d S231:ē S262:d S297:u S302:m		9.000273704528809	11
𐌲 𐌰 𐌷 𐌹 𐌻 𐍀 𐌰 S206:𐌹 S214:𐍄 S255:𐍃		8.96388053894043	10
g a s i g g q S137:a S141:i S207:m S250:a		8.965484619140625	11
𐌻 𐌴 𐌺 𐌹 𐌽 𐍉 S214:𐍄 S255:𐍃		9.14763069152832	8
d u m b S197:a		9.054540634155273	5
𐍂 𐌴 𐌹 𐍂 𐍉 S156:𐌽 S173:𐍉		9.053683280944824	7
𐌲 𐌰 𐍃 𐌺 𐌰 𐍀 S168:𐌾 S186:𐌰 S206:𐌹 S235:𐌽 S294:𐌰		8.957756042480469	11
𐌺 𐌰 𐌻 𐌳 S186:𐌰 S206:𐌹 S265:𐌼		9.312231063842773	7
𐍃 𐍀 S49:𐌰 𐌽 𐌽		9.424307823181152	5
b r a i S228:þ		9.186840057373047	5
𐌿 𐍆 𐌲 𐍂 𐌰 𐌱 𐌰 S155:𐌹 S174:𐌳 S186:𐌰 S282:𐌿		9.319700241088867	11
𐌱 𐌰 𐌹 𐌳 𐌹 S174:𐌳 S186:𐌰 S206:𐌹 S236:𐌶 S254:𐍉 S255:𐍃		9.10083293914795	11
𐌳 𐌹 𐍃 𐌷 𐌽 𐌿 𐍀 𐌽 S206:𐌹 S218:𐌸		9.300145149230957	10
t r a u S137:a S141:i S226:d S231:ē S262:d S275:i		8.992571830749512	10
𐌻 𐌹 𐌱 𐌰 S155:𐌹 S156:𐌽 S174:𐌳 S186:𐌰 S282:𐌿		9.111437797546387	9
𐌿 𐍃 𐍄 𐌰 𐌿 𐌷 𐍄 S52:𐌴 S54:𐌹 𐍃		9.316530227661133	10
g r ē t a n d S187:ō S190:n S250:a		9.008484840393066	10
𐌲 𐌰 𐍆 𐌿 𐌻 𐌷 𐌰 𐌽 S186:𐌰 S192:𐌽 S255:𐍃		8.971062660217285	11
b l i n d S250:a S261:n S272:s		9.215569496154785	8
a n a n a m n j a S226:d S250:a		9.041437149047852	11
g a h a u s j a n d S123:e S141:i S190:n S278:ō		8.985060691833496	14
𐌰 𐍆 𐍄 𐌿 𐌼 S201:𐌴 S206:𐌹 S235:𐌽		9.081562042236328	8
𐍃 𐌹 𐌿 𐌺 𐌰 𐌽 𐌳 S52:𐌴 S54:𐌹 S89:𐌽 𐍃		9.363530158996582	11
𐌱 𐌰 𐌻 𐌾 𐍉 S174:𐌳 S186:𐌰 S282:𐌿		9.0215425491333	8
a t n ē ƕ j a S141:i S272:s		9.021536827087402	9
𐌰 𐍆 𐌲 𐌰 𐌲 𐌲 𐌰 S155:𐌹 S156:𐌽 S186:𐌰		9.091808319091797	10
𐍅 𐍉 𐍀 S168:𐌾 S186:𐌰 S206:𐌹 S230:𐌳 S294:𐌰 S308:𐌿		9.088098526000977	9
𐌽 𐌹 𐌿 𐌽 𐌳 S173:𐍉 S192:𐌽		9.122936248779297	7
𐌰 𐍆 𐍅 𐌰 S54:𐌹 𐍂 𐍀 S186:𐌰 S206:𐌹 S237:𐍅 S294:𐌰		9.075758934020996	11
g a w a i r þ e i g S187:ō S190:n S272:s		8.970067024230957	13
l a u n a w a r g S212:ō		9.1976900100708	10
h u g g r S123:e S141:i S228:þ		9.231264114379883	8
𐌲 𐌰 𐌻 𐌹 𐍃 𐌰 𐌽 S186:𐌰 S194:𐌼 S265:𐌼 S294:𐌰		8.976804733276367	11
l i u g n j S141:i S190:n S272:s		9.131285667419434	9
𐌲 𐌰 𐍅 𐌹 𐍃 𐌰 S155:𐌹 S156:𐌽 S174:𐌳 S186:𐌰 S282:𐌿		8.964109420776367	11
𐌲 𐌰 𐌷 𐌰 𐌿 𐍃 𐌹 S41:𐌳 S77:𐍉 S89:𐌽 𐍃		8.974213600158691	11
s a t j a S226:d S250:a		9.244647026062012	7
𐌲 𐌰 𐍃 𐌿 𐌽 𐌾 𐍉 S174:𐌳 S186:𐌰 S282:𐌿		8.9083890914917	10
𐍃 𐌹 𐍄 𐌰 𐌽 𐌳 S173:𐍉 S180:𐌽 S186:𐌰		9.397392272949219	9
u s t S73:i u h		9.195147514343262	6
b i w S31:ē s S163:u		9.101997375488281	6
𐌿 𐍃 𐌷 S77:𐍉 𐍆 S201:𐌴 S206:𐌹 S255:𐍃		9.311128616333008	8
d i s n i m S197:a S226:d S250:a		9.137053489685059	9
a t l a g S123:e S141:i		8.990242958068848	7
i u s i l S278:ō S285:s		9.423388481140137	7
𐍃 𐌺 𐌰 𐌸 𐌿 𐌻 S168:𐌾 S186:𐌰 S206:𐌹 S265:𐌼		9.429250717163086	10
𐍆 𐌿 𐌻 S186:𐌰 S206:𐌹 S265:𐌼		8.910136222839355	6
l i u þ ō S226:d S250:a		9.1619234085083	7
m a u r þ r S82:j a S141:i S190:n S226:d S250:a S297:u		9.368232727050781	13
𐌿 𐌽 𐌲 𐌰 𐌻 𐌰 𐌿 𐌱 S168:𐌾 S186:𐌰 S206:𐌹 S235:𐌽 S294:𐌰		9.353721618652344	13
𐌻 𐌰 𐌹 𐍃 S201:𐌴 S206:𐌹		9.109548568725586	6
i n a l j a n ō S226:d S231:ē S262:d S263:u S268:t S272:s		9.44250774383545	14
𐌲 𐌰 𐌲 𐌰 𐍅 𐌰 𐌹 𐍂 𐌸 𐌽 S173:𐍉 S174:𐌳 S186:𐌰		8.983726501464844	13
𐌻 𐌰 𐌲 𐌲 S233:𐍉		9.008033752441406	5
𐌹 𐌱 𐌽 𐌰 𐍃 𐌺 𐌰 𐌿 𐌽 S168:𐌾 S186:𐌰 S192:𐌽		9.124370574951172	12
𐍆 𐍂 𐍉 S174:𐌳 S186:𐌰 S192:𐌽 S201:𐌴		8.971259117126465	7
𐌿 𐌽 𐍃 𐌰 𐌹 𐍈 𐌰 𐌽 𐌳 S201:𐌴 S206:𐌹 S235:𐌽 S305:𐍉		9.380961418151855	13
f u l g i n S250:a S275:i S283:m		9.133394241333008	9
𐌲 𐌰 𐌻 𐌹 𐌿 𐌲 𐌰 S155:𐌹 S174:𐌳 S186:𐌰 S282:𐌿		8.951364517211914	11
𐌿 𐍃 𐍃 S54:𐌹 𐍄 S186:𐌰		9.314310073852539	6
𐍆 𐌰 𐌹 𐌰 S155:𐌹 S156:𐌽 S174:𐌳 S186:𐌰 S282:𐌿		8.996424674987793	9
𐌼 𐌰 𐌿 𐌳 𐌾 𐌰 S174:𐌳 S186:𐌰 S282:𐌿		9.584611892700195	9
𐌰 𐍄 𐌲 𐌰 𐌲 𐌲 𐌰 𐌽 𐌳 S201:𐌴 S206:𐌹 S235:𐌽		9.072754859924316	12
𐌲 𐌰 𐍄 𐌿 𐌻 𐌲 𐌹 S174:𐌳 S186:𐌰 S206:𐌹 S236:𐌶 S254:𐍉 S255:𐍃		8.944315910339355	13
t a i k n S133:j S137:a S141:i S226:d S250:a S297:u		9.007771492004395	11
𐌷 𐌰 𐌹 𐍄 S206:𐌹 S218:𐌸		9.268434524536133	6
f a i r n S133:j S141:i S272:s		9.194466590881348	8
𐌲 𐌰 𐌼 𐌴 𐌻 𐌴 𐌹 𐌽 S186:𐌰 S206:𐌹		8.912406921386719	10
b a l j ō n d S73:i S88:n s		9.197284698486328	10
𐌱 𐌰 𐌹 𐍄 𐍂 S206:𐌹 S235:𐌽		9.038722038269043	7
s p i n n a S141:i S272:s		9.419023513793945	8
𐌿 𐍃 𐌸 𐌹 𐌽 𐍃 𐌰 S156:𐌽 S174:𐌳 S186:𐌰		9.343229293823242	10
𐌿 𐍃 𐌷 𐌻 𐌰 𐌿 𐍀 S186:𐌰 S206:𐌹 S237:𐍅 S294:𐌰		9.325712203979492	11
𐌿 𐍆 𐌰 𐍂 𐍆 𐌿 𐌻 𐌻 S186:𐌰 S206:𐌹 S236:𐌶 S305:𐍉		9.354636192321777	12
𐌰 𐌽 𐌳 𐍃 𐍄 𐌰 𐌽 𐌳		9.055550575256348	8
𐌿 𐍆 𐌰 𐍂 𐍅 𐌹 𐍃 𐌰 𐌽 𐌳 S186:𐌰 S192:𐌽 S255:𐍃		9.359567642211914	13
𐌲 𐌰 𐍃 𐌰 𐍄 𐌾 𐌰 𐌽 𐌳 S186:𐌰 S192:𐌽 S255:𐍃		8.972722053527832	12
𐌿 𐍃 𐌺 𐌹 𐌾 𐌰 𐌽 S186:𐌰 S206:𐌹 S236:𐌶 S238:𐌴		9.356249809265137	11
l i u t e i S190:n S272:s		9.081936836242676	8
g a n a n þ j a S141:i S220:t S272:s		8.922089576721191	11
h i m i n a k u n d S250:a S283:m S302:m S304:a		9.43614387512207	14
g i b S278:ō S285:s		8.856921195983887	5
𐍆 𐌰 𐌿 𐍂 𐌰 𐌲 𐌰 𐍄 S52:𐌴 𐌹 𐌷 S186:𐌰		9.057602882385254	12
h a i f s t S250:a S275:i		9.287035942077637	8
k a u p ō S117:d S118:ē S122:d S123:e S141:i S272:s		9.427844047546387	11
𐌸 𐌰 𐌹 𐍂 𐌷 S152:𐌲 S186:𐌰 S221:𐌲 S293:𐌲 S294:𐌰		9.495580673217773	10
𐍃 𐌺 𐌿 𐌻 𐌳 S173:𐍉 S255:𐍃		9.366806030273438	7
𐌹 𐌽 𐍄 𐍂 𐌿 𐍃 𐌲 𐌹 S174:𐌳 S186:𐌰 S192:𐌽 S255:𐍃		9.169110298156738	12
i n w i d S250:a S261:n S262:d S272:s		9.459397315979004	9
𐍆 𐌰 𐌲 𐍂 S186:𐌰 S206:𐌹 S236:𐌶 S305:𐍉		8.959406852722168	8
u s þ u l ā n d S123:e S141:i S190:n		9.141315460205078	11
𐌲 𐌰 𐍆 𐌿 𐌻 𐌲 𐌹 𐌽 S77:𐍉 S89:𐌽 𐍃		8.971083641052246	11
𐍆 𐍂 𐌰 𐌳 𐌰 𐌹 𐌻 𐌹 S174:𐌳 S206:𐌹 S255:𐍃		9.02134895324707	11
𐍅 𐌴 𐌹 𐍄 𐍅 𐍉 𐌳 𐌾 𐌰 𐌽 𐌳 S186:𐌰 S192:𐌽 S255:𐍃		9.088659286499023	14
𐍅 𐌰 𐌿 𐍂 𐌺 𐌾 𐌰 S179:𐌶 S186:𐌰		9.058059692382812	9
𐍄 𐌰 𐌹 𐌷 𐌿 𐌽 𐍄 𐌰 𐌹 𐌷 𐌿 𐌽 𐌳 S206:𐌹 S255:𐍃		9.141379356384277	15
𐍄 𐍂 𐌰 𐌿 𐌰 S206:𐌹 S218:𐌸		9.129780769348145	7
l a u s j a n d S123:e S141:i S190:n		9.140966415405273	11
f r a q i þ a n S250:a S261:n S272:s		9.192556381225586	11
𐌱 𐌹 𐌽 𐌰 𐌿 𐌷 𐍄 S186:𐌰 S206:𐌹 S265:𐌼		9.097726821899414	10
w i l S133:j S137:a S141:i S190:n S250:a		9.243531227111816	8
𐌿 𐍃 𐍅 𐌰 𐌷 𐍃 𐌰 𐌽 S206:𐌹 S235:𐌽 S255:𐍃		9.343059539794922	11
𐌲 𐌰 𐌸 𐌹 𐍅 𐌰 𐌽 𐌳 S201:𐌴 S206:𐌹 S235:𐌽 S305:𐍉		8.968682289123535	12
g a s t S250:a S261:n S262:d S275:i S284:þ		8.818263053894043	9
g a t r u d S141:i		8.878232955932617	7
g ō S134:d S141:i S190:n		8.847722053527832	5
r ō d j a n d S250:a S286:n S298:ē		9.063118934631348	10
g a h n a i w i S226:d S250:a S261:n S272:s		8.97803783416748	12
𐌻 𐌿 𐌱 𐌾 𐌰 𐌻 𐌴 𐌹 𐍃 S186:𐌰 S206:𐌹 S265:𐌼		9.115699768066406	12
𐌲 𐌰 𐍆 𐍂 𐌹 𐍃 𐌰 𐌷 𐍄 S168:𐌾 S186:𐌰 S206:𐌹 S235:𐌽 S294:𐌰		8.959689140319824	14
𐌳 𐍂 𐍉 𐌱 𐌾 𐌰 𐌽 𐌳 S186:𐌰		9.254365921020508	9
𐌰 𐌹 𐍂 𐌸 𐌰 𐌺 𐌿 𐌽 𐌳 S233:𐍉		9.076301574707031	10
𐍃 𐍅 𐌹 𐌻 𐍄 𐌰 S192:𐌽 S230:𐌳 S255:𐍃		9.366114616394043	9
u f a r s k a d w S141:i S226:d S231:ē S291:d S297:u S307:þ		9.213288307189941	15
𐍆 𐌿 𐌻 𐌻 𐌰 𐍅 𐌴 𐌹 𐍃 S206:𐌹 S255:𐍃		9.020357131958008	11
𐍆 𐌻 𐌰 𐌿 𐍄 S206:𐌹 S235:𐌽 S255:𐍃		9.010820388793945	8
u f g r S70:a b S141:i S228:þ		9.210715293884277	8
n a q a S226:d S250:a S286:n		9.005912780761719	7
𐌲 𐌰 𐌽 𐌰 𐍃 S155:𐌹 S174:𐌳 S186:𐌰		8.939351081848145	8
𐌿 𐌽 𐍂 𐌹 𐌿 𐍂 S168:𐌾 S173:𐍉		9.352670669555664	8
d i s d a i l S133:j S197:a S243:z S250:a		9.167550086975098	11
f a s t a i S226:d S250:a S283:m S302:m S304:a		9.20484447479248	11
𐌰 𐍄 𐍂 S49:𐌰 𐌽 S192:𐌽		9.033946990966797	6
þ r i s k S137:a S190:n S226:d S250:a		9.059639930725098	9
𐌲 𐌰 𐍂 𐌰 𐌸 𐌰 𐌽 S173:𐍉 S192:𐌽 S255:𐍃		8.993880271911621	10
𐌰 𐍆 𐌲 𐌿 S169:𐌳 S173:𐍉 S180:𐌽 S186:𐌰		9.064068794250488	8
h a i h S187:ō S190:n S272:s		9.351451873779297	7
𐌼 𐌹 𐌸 𐍆 𐍂 𐌰 𐌷 𐌿 𐌽 𐌸 𐌰 𐌽 S186:𐌰 S192:𐌽 S238:𐌴		9.665176391601562	15
a f s l a h a n d S123:e S141:i S190:n S272:s		9.020758628845215	13
k n u s s j a S73:i n S197:a		9.457355499267578	10
𐌻 𐌿 𐌱 𐌰 𐌹 𐌽 S52:𐌴 S54:𐌹 𐍃		9.081640243530273	9
S13:ƕ S15:a S16:i ƕ ō p		8.84880256652832	6
a g l S244:j S250:a S283:m		9.034332275390625	6
m i t ō n d S250:a S283:m		9.2866792678833	8
𐌿 𐍃 𐍅 𐌰 𐌿 𐍂 𐌷 𐍄 S52:𐌴 S54:𐌹 𐍃		9.327144622802734	11
s i g i s l a u n		9.349340438842773	9
g a ƕ ō t S244:j S250:a S261:n S262:d S272:s		8.881387710571289	10
n ē ƕ S133:j S137:a S141:i S246:w S250:a		9.01921272277832	8
𐌼 𐌹 𐌺 𐌹 𐌻 𐌸 𐌿 𐌷 𐍄		9.537433624267578	9
f i l l e i n S250:a S286:n S298:ē		9.198107719421387	10
g a l a u b j a n d S250:a S283:m		8.967344284057617	12
g a i r n j a n d S141:i S190:n S272:s		8.97187328338623	12
w ē n j a n d S44:e S73:i S88:n s		9.284770011901855	11
𐍆 𐌹 𐌲 𐌲 𐍂 𐌰 𐌲 𐌿 𐌻 𐌸 S206:𐌹 S255:𐍃		8.976886749267578	12
l a i S137:a S190:n S226:d S250:a		9.172280311584473	7
þ r i d j S187:ō S190:n S250:a		9.109973907470703	8
a n d a þ a h t S250:a S261:n S272:s		9.066068649291992	11
u n u s l a i s i S226:d S250:a S283:m S302:m S304:a		9.231861114501953	14
m a h t S278:ō S285:s		9.340320587158203	6
𐌲 𐌰 𐍃 𐌿 𐍀 𐍉 S174:𐌳 S201:𐌴 S230:𐌳 S251:𐌿 S253:𐍄 S255:𐍃		8.971344947814941	12
𐌰 𐌽 𐌰 𐌱 S54:𐌹 𐌿 𐌳 S186:𐌰 S192:𐌽 S230:𐌳 S294:𐌰		9.099992752075195	11
f i j a n d S187:ō S190:n S250:a		9.199334144592285	9
𐌰 𐌽 𐌳 𐍃 𐍄 𐌰 𐌽 𐌳 𐌰 𐌽 𐌳 S186:𐌰 S194:𐌼		9.142308235168457	13
𐌱 𐌹 𐍃 𐍀 S52:𐌴 𐌹 𐍅 S186:𐌰 S206:𐌹 S230:𐌳 S280:𐌰 S282:𐌿		9.08835220336914	12
𐌷 𐌰 𐍂 𐌾 𐌹 𐍃 S201:𐌴 S206:𐌹 S255:𐍃		9.26072883605957	9
f r ō S228:þ		9.095293998718262	4
𐌰 𐌻 S155:𐌹 S174:𐌳 S201:𐌴 S230:𐌳 S282:𐌿 S306:𐌼		9.123008728027344	8
l i u þ ō S226:d S250:a S297:u		9.152585983276367	8
f a u r w a l w j a S141:i S190:n S226:d S250:a S297:u		9.219769477844238	15
g a þ a S86:u r s S163:u S228:þ		8.96872329711914	9
a i n a h S250:a S261:n S272:s		9.034319877624512	8
f a u r a g a h a i t a n S141:i S190:n S272:s		9.218215942382812	16
𐌱 𐌰 𐌹 𐍄 𐍂 𐌴 𐌹 S192:𐌽		9.021428108215332	8
a n a þ r a f s t j a S141:i S226:d S250:a S297:u		9.06385612487793	15
u n g a s a i ƕ a n S197:a S220:t S250:a		9.225314140319824	13
𐌰 𐌽 𐌳 𐌱 𐌴 𐌹 𐍄 𐌰 S174:𐌳 S186:𐌰 S282:𐌿		9.075911521911621	11
a u k S141:i S228:þ		8.726262092590332	5
𐌱 𐌹 𐍃 𐌹 𐍄 𐌰 𐌽 𐌳 S186:𐌰 S192:𐌽 S238:𐌴		9.072712898254395	11
h S70:a f S133:j S197:a S226:d S250:a		9.29527473449707	7
t a l z i S226:d S278:ō S286:n S300:s		9.06140422821045	9
𐌳 𐌰 𐌿 𐍀 S168:𐌾 S170:𐌰 S174:𐌳 S186:𐌰 S282:𐌿		9.26159954071045	9
g u m a k u n d S197:a		8.892423629760742	9
w r S44:e k S163:u S220:t S272:s		9.268756866455078	7
𐍆 𐍂 𐌰 𐌷 𐌹 𐌽 𐌸 𐌰 𐌽 𐌳 S186:𐌰 S192:𐌽 S238:𐌴		9.04953384399414	13
𐍆 𐌰 𐍃 𐍄 𐌰 S174:𐌳 S186:𐌰		9.034132957458496	7
𐌿 𐍆 𐌰 𐍂 𐍃 𐌺 𐌰 𐌳 𐍅 𐌾 𐌰 𐌽 𐌳 S186:𐌰 S194:𐌼		9.38528060913086	15
𐌷 𐌰 𐌿 𐌷 S186:𐌰 S192:𐌽 S255:𐍃		9.25878620147705	7
h r ū k S244:j S250:a S261:n S262:d S272:s		9.322381019592285	9
𐌲 𐌰 𐍆 𐌿 𐌻 𐌻 S201:𐌴 S206:𐌹 S218:𐌸		8.926071166992188	9
a f t u m i s t S278:ō S285:s		9.037676811218262	10
𐌳 𐌹 𐌲 𐌰 𐌽 S186:𐌰 S206:𐌹 S265:𐌼		9.296428680419922	8
g a d r S73:i g k S137:a S141:i S190:n S226:d S250:a S297:u		8.939708709716797	13
w l a i t ō S243:z S250:a S297:u		9.157214164733887	9
u n w i t S82:j i S144:s		9.12051773071289	8
𐌰 𐌹 𐍂 𐌶 𐌹 𐌸 S173:𐍉 S255:𐍃		9.083268165588379	8
b i g i t a n d S141:i S190:n S272:s		9.173454284667969	11
b i w S31:ē s S163:u S228:þ		9.139495849609375	7
𐍃 𐍄 𐌰 𐌹 𐌽 S168:𐌾 S186:𐌰 S192:𐌽 S230:𐌳 S294:𐌰		9.443316459655762	10
𐌱 𐌹 𐌽 𐌹 𐌿 𐌷 𐍃 S168:𐌾 S186:𐌰 S236:𐌶 S294:𐌰		9.062771797180176	11
u n s ē l S244:j S250:a S283:m S302:m S304:a		9.192316055297852	10
𐌰 𐌽 𐌰 𐌰 𐌿 𐌺 S186:𐌰 S192:𐌽 S230:𐌳 S294:𐌰		9.083903312683105	10
𐌿 𐍂 𐍂 𐌴 𐌹 𐍃 S186:𐌰 S206:𐌹 S214:𐍄 S255:𐍃		9.314558029174805	10
𐌰 𐍆 𐌲 𐍂 𐌿 𐌽 𐌳 𐌹 𐌸 S233:𐍉		9.107627868652344	10
g ō l S141:i S226:d S231:ē S262:d S297:u S302:m		9.000630378723145	9
h a u h h a i r t S212:ō		9.319013595581055	10
𐌿 𐍆 𐌲 𐍂 𐌰 𐌱 𐌰 S155:𐌹 S156:𐌽 S174:𐌳 S186:𐌰 S282:𐌿		9.32661247253418	12
𐌰 𐍆 𐌷 𐍉 𐌻 𐍉 S156:𐌽 S174:𐌳 S186:𐌰		9.10395336151123	9
a n a a u k S250:a S256:i S272:s		9.018617630004883	9
𐌱 S56:𐌿 𐌽 𐌳 S143:𐌿 S194:𐌼		9.119440078735352	6
𐍄 𐍂 𐌹 𐌲 𐌲 𐍅 S233:𐍉		9.057517051696777	7
𐌱 𐌰 𐌹 𐍄 𐍂 S186:𐌰 S192:𐌽 S255:𐍃		9.091986656188965	8
𐌸 𐍂 𐌰 𐍆 𐍃 𐍄 𐌾 𐌰 S155:𐌹 S179:𐌶 S186:𐌰 S282:𐌿		9.446501731872559	12
𐌿 𐍃 𐍆 𐌹 𐌻 𐌷 𐌰 S155:𐌹 S156:𐌽 S174:𐌳 S186:𐌰 S282:𐌿		9.325963020324707	12
i n s a i ƕ a S190:n S226:d S272:s		9.48885726928711	10
f a u r a g a s a t S141:i S226:d S231:ē S262:d S275:i		9.212403297424316	15
𐌲 𐌰 𐍆 𐌰 𐌷 𐌰 S155:𐌹 S174:𐌳 S201:𐌴 S230:𐌳 S251:𐌿 S253:𐍄 S255:𐍃		9.007214546203613	13
𐌼 𐌹 𐌺 𐌹 𐌻 S173:𐍉 S255:𐍃		9.61968994140625	7
g r a b S137:a S141:i S190:n S250:a		8.826631546020508	8
S7:l S15:a S16:i l a i l S163:u S228:þ		11.380475044250488	9
a f f i l h a S141:i S272:s		8.987320899963379	9
g a i r d S212:ō		8.939263343811035	6
𐌰 𐌽 𐌳 𐌸 𐌰 𐌲 𐌺 𐌾 𐌰 S206:𐌹 S255:𐍃		9.093855857849121	11
f r a w i s a S141:i S272:s		9.132858276367188	9
a h j a S141:i S190:n S226:d S250:a S297:u		9.02756118774414	9
b i d j		9.147928237915039	4
ū h t e i g S197:a S220:t S250:a		10.259328842163086	9
f a i r n S187:ō S190:n S272:s		9.213802337646484	8
𐍄 𐍅 𐌴 𐌹 𐍆 𐌻 S155:𐌹 S169:𐌳 S171:𐌴 S174:𐌳 S201:𐌴 S206:𐌹 S255:𐍃		9.105546951293945	13
𐌰 𐌻 𐌻 𐌰 𐍅 𐌰 𐌿 𐍂 𐍃 𐍄 𐍅 S186:𐌰 S192:𐌽 S255:𐍃		9.102205276489258	14
a f g a g g a n d S123:e S141:i S190:n S272:s		9.031586647033691	13
𐌲 𐌰 𐍃 𐍅 𐌹 𐌻 𐍄 𐌰 𐌽 𐌳 S186:𐌰 S194:𐌼		8.986739158630371	12
𐌳 𐌿 𐍅 S49:𐌰 𐌺 S186:𐌰 S206:𐌹 S229:𐌽 S230:𐌳 S294:𐌰 S308:𐌿		9.240765571594238	11
a t n S141:i S207:m S250:a S297:u		8.997845649719238	7
m a u r þ r S123:e S141:i		9.294034957885742	8
𐌰 𐍄 𐍅 𐌰 S54:𐌹 𐍂 𐍀 S186:𐌰 S192:𐌽 S230:𐌳 S294:𐌰		9.099124908447266	11
𐌲 𐌰 𐌱 𐌹 𐌲		8.924206733703613	5
𐌲 𐌰 𐍃 𐍄 𐌹 𐌲 S143:𐌿 S214:𐍄 S255:𐍃		8.945076942443848	9
w a j a m ē r S141:i S226:d S231:ē S262:d S269:e S270:i S272:s		9.261800765991211	14
f a u r w a l w j a n d S70:a S88:n s		9.237771034240723	15
𐌱 𐌹 𐌻 𐌰 𐌹 𐌺 𐌰 𐌽 𐌳 S186:𐌰 S192:𐌽 S255:𐍃		9.066699981689453	12
g a s a i ƕ a n S250:a S283:m		8.98391056060791	10
u s w a u r h t S212:ō		9.187183380126953	9
𐌲 𐌹 𐌱 𐌰 𐌽 𐌳 S186:𐌰 S194:𐌼		8.922808647155762	8
𐌲 𐌰 𐍃 𐌻 𐌴 𐍀 𐌰 S155:𐌹 S179:𐌶 S186:𐌰 S282:𐌿		8.920446395874023	11
𐌼 𐌰 𐍂 𐌶 S206:𐌹 S230:𐌳 S238:𐌴 S281:𐌳 S282:𐌿		9.578804016113281	9
𐌿 𐍆 𐍃 𐍅 𐌰 𐌻 𐌻 𐌴 𐌹 𐌽 S206:𐌹 S235:𐌽 S255:𐍃		9.367877960205078	13
þ r i s k a n d S144:s		9.073174476623535	9
g a f a s t S222:ā S226:d S250:a		8.914324760437012	9
𐌰 𐍆 𐌰 𐌲 S155:𐌹 S174:𐌳 S186:𐌰		9.044976234436035	7
s w ō g a t j a S226:d S250:a S297:u		9.33330249786377	11
f r a q i s t n a n d S250:a S283:m		9.202082633972168	13
a n d n i m a S190:n S226:d S250:a		9.008440017700195	10
s i n i s t S70:a S88:n s		9.3343505859375	9
𐌻 𐌰 𐌹 𐌱 S173:𐍉 S255:𐍃		9.096810340881348	6
b a u ā S226:d S250:a		9.25263500213623	6
𐍈 𐌰 𐌸 𐌾 𐌰 𐌽 𐌳 S186:𐌰 S194:𐌼		10.222426414489746	9
𐌲 𐌰 𐌷 𐌰 𐌹 𐌻 S186:𐌰 S194:𐌼 S265:𐌼 S294:𐌰		8.966033935546875	10
𐌱 𐌹 𐍅 S52:𐌴 𐍃 S143:𐌿 S194:𐌼		9.081367492675781	7
k l i s m j a S141:i S272:s		9.437097549438477	9
𐌿 𐍃 𐌺 𐌿 𐌽 𐌸 S186:𐌰 S192:𐌽 S238:𐌴		9.345982551574707	9
a i k k l ē s j ō S190:n S272:s		9.021574020385742	11
l i u h a d e i n S250:a S261:n S272:s		9.168381690979004	12
t S73:i u h S197:a S226:d S250:a S297:u		8.899713516235352	8
𐌲 𐌰 𐌼 𐌰 𐌹 𐍄 𐌰 𐌽 S233:𐍉		8.947193145751953	9
𐍆 𐌹 𐌳 𐌿 𐍂 𐌳 𐍉 𐌲 S186:𐌰 S192:𐌽		8.971626281738281	10
b a l j ō S226:d S250:a		9.263212203979492	7
𐌰 𐌽 𐌳 𐍃 𐌰 𐌻 S168:𐌾 S186:𐌰 S206:𐌹 S255:𐍃		9.078336715698242	10
𐌼 𐌹 𐌺 𐌹 𐌻 𐌸 𐌿 𐌷 𐍄 S186:𐌰 S194:𐌼		9.58297061920166	11
𐌲 𐌰 𐍈 𐍉 𐍄 S201:𐌴 S206:𐌹		8.908344268798828	7
g a q i u j a		8.8412504196167	7
𐍆 𐌹 𐌳 𐌿 𐍂 𐌳 𐍉 𐌲 S186:𐌰 S194:𐌼		9.003447532653809	10
s t S73:i l S137:a S141:i S190:n S226:d S250:a S297:u		9.346961975097656	10
𐌿 𐌽 𐍃 𐍅 𐌴 𐌹 𐌱 𐌰 𐌽 𐌳 S201:𐌴 S206:𐌹 S235:𐌽 S305:𐍉		9.358928680419922	14
𐌲 𐌰 𐍄 𐌰 𐌿 𐌾 𐌰 S206:𐌹 S214:𐍄 S255:𐍃		8.948124885559082	10
𐌰 𐌲 𐌻 S186:𐌰 S206:𐌹 S265:𐌼		9.11743450164795	6
g a w a s i S226:d S250:a S275:i S283:m		8.98147964477539	10
g a w a g S141:i S226:d S231:ē S291:d S297:u		8.887097358703613	10
m a m m ō S190:n S272:s		9.29140567779541	7
u s t a i k n j a n d S141:i S190:n S272:s		9.251911163330078	14
𐌷 𐌰 𐌽 𐌳 𐌿 𐍅 𐌰 𐌿 𐍂 𐌷 𐍄 S206:𐌹 S235:𐌽 S255:𐍃		9.22233772277832	14
𐌰 𐌽 𐌳 𐌸 𐌰 𐌲 𐌺 S206:𐌹 S230:𐌳 S238:𐌴 S281:𐌳 S282:𐌿		9.097944259643555	12
g a f u l l S133:j S137:a S141:i S190:n S226:d S250:a S297:u		8.992476463317871	13
𐌲 𐍂 𐌴 𐌳 𐍉 S192:𐌽 S230:𐌳 S255:𐍃		8.821258544921875	8
f a i r w a u r S132:k S244:j S250:a		9.203630447387695	11
a i h t r ō S207:m S250:a		8.957277297973633	8
𐍆 𐌻 𐌰 𐌿 𐍄 S173:𐍉 S180:𐌽 S186:𐌰		9.035436630249023	8
𐌰 𐌽 𐌳 𐌰 𐌸 𐌰 𐌷 𐍄 S186:𐌰 S206:𐌹 S236:𐌶 S305:𐍉		9.141532897949219	12
t w e i f l j S141:i S228:þ		8.933743476867676	9
s w a l a u S134:d S141:i S190:n		9.3223295211792	9
𐌱 𐌰 𐍂 𐌽 𐌹 𐌻 𐍉 S194:𐌼		9.04057788848877	8
f r i j ō S226:d S250:a S256:i S257:z S258:ō S272:s		9.156647682189941	11
u f a r m u n n ō n d S70:a S88:n s		9.215156555175781	14
g r S61:ō b S163:u		8.290377616882324	5
𐌹 𐌽 𐍃 𐌰 𐌺 𐌰 𐌽 𐌳 S201:𐌴 S206:𐌹 S235:𐌽		9.128397941589355	11
𐌲 𐌰 𐌰 𐍂 𐌼 𐌰 𐌹 S174:𐌳 S186:𐌰 S192:𐌽 S201:𐌴		8.9719820022583	11
𐌲 𐌰 𐌱 𐌹 𐌽 𐌳 𐌰 𐌽 𐌳 S201:𐌴 S206:𐌹 S235:𐌽 S305:𐍉		8.983654975891113	13
𐌲 𐌰 𐌱 𐌹 𐌲 𐌾 S206:𐌹 S218:𐌸		8.93332290649414	8
m a r z e i n S212:ō		9.32841682434082	8
g S70:a s a k S141:i S228:þ		8.832524299621582	7
𐌳 𐍂 𐌰 𐌹 𐌱 𐌹 S218:𐌸 S255:𐍃		9.25223445892334	8
g a b a i r h t S133:j S137:a S141:i S190:n S226:d S250:a S297:u		8.975080490112305	15
b i l a i g ō S190:n S226:d S250:a S297:u		9.212299346923828	11
𐌼 𐌴 𐌻 𐌾 𐌰 S155:𐌹 S174:𐌳 S186:𐌰 S282:𐌿		9.575443267822266	9
𐌷 𐌻 𐌴 𐌹 𐌳 𐌿 𐌼 S206:𐌹 S235:𐌽 S255:𐍃		9.173101425170898	10
q i s t S244:j S250:a S256:i S268:t S272:s		10.421304702758789	9
𐌾 𐌿 𐌲 𐌲 S77:𐍉 S89:𐌽 𐍃		9.26754093170166	7
h a i l a g S278:ō S286:n		9.389955520629883	8
g a w a i r þ e i g S212:ō		8.941145896911621	11
𐍃 𐍅 𐌰 𐌻 𐌰 𐌿 S218:𐌸		9.284090042114258	7
b i r S86:u n n S123:e S141:i S272:s		9.17573070526123	9
𐌱 𐌹 𐌸 𐍅 𐌰 𐌷 𐌰 𐌽 𐌳 S186:𐌰 S192:𐌽 S238:𐌴		9.088482856750488	12
𐌱 𐌰 𐌹 𐍂 S186:𐌰 S206:𐌹 S229:𐌽 S230:𐌳 S294:𐌰 S308:𐌿		9.060999870300293	10
g a h r a i n j a n d S141:i S190:n S272:s		8.97842788696289	14
𐍅 𐌰 𐌻 𐍄 S168:𐌾 S186:𐌰 S206:𐌹 S214:𐍄 S255:𐍃		9.12637996673584	9
f a i r i n ō S226:d S250:a S297:u		9.193385124206543	10
𐌳 𐌹 𐌲 𐌰 𐌽 𐌳 S52:𐌴 S54:𐌹 S89:𐌽 𐍃		9.281309127807617	10
𐌲 𐌰 𐌱 𐌹 𐌲 S186:𐌰		8.914999008178711	6
𐌲 𐌰 𐌻 𐌰 𐌿 𐍃 𐌹 S41:𐌳 S54:𐌹 S89:𐌽 𐍃		8.982415199279785	11
u f s t r a u j S141:i S226:d S231:ē S262:d S275:i		9.191119194030762	13
𐌿 𐍆 𐌰 𐍂 𐍃 𐌺 𐌰 𐌳 𐍅 S201:𐌴 S206:𐌹 S218:𐌸		9.367213249206543	12
𐍆 𐍂 𐌰 𐍅 𐍂 𐍉 𐌷 𐌹 S169:𐌳 S173:𐍉		8.964022636413574	10
a b r S187:ō S190:n S272:s		8.974485397338867	6
m a n a g i s t S197:a		9.362144470214844	9
a n d a n ē m e i g S141:i S190:n		9.079567909240723	12
𐌷 𐌻 𐌰 𐌷 𐌾 𐌰 𐌽 𐌳 S186:𐌰		9.281145095825195	9
h ū h j a S190:n S226:d S272:s		9.287640571594238	8
𐍆 𐌰 𐌿 𐍂 𐌱 𐌰 𐌿 𐌷 𐍄 S201:𐌴 S206:𐌹 S255:𐍃		9.041441917419434	12
𐌲 𐌰 𐌻 𐌰 𐌿 𐍃 S155:𐌹 S174:𐌳 S186:𐌰		8.939189910888672	9
g a h r a i n i S226:d S250:a S261:n S272:s		9.000629425048828	12
u f a r a s s i S226:d S278:ō		9.193467140197754	10
f r a w a u r p a n S250:a S275:i S283:m		9.180562973022461	13
𐍃 𐍀 𐌹 𐌻 𐌻 S206:𐌹 S235:𐌽 S255:𐍃		9.380402565002441	8
𐌿 𐍃 𐌻 𐌿 𐌺 𐌽 S186:𐌰 S192:𐌽 S230:𐌳 S255:𐍃		9.318506240844727	10
𐌱 𐌰 𐌹 𐌳 S201:𐌴 S206:𐌹 S218:𐌸		9.021859169006348	7
i n n g a l e i þ a n d S73:i S88:n s		9.46708869934082	15
b r S70:a k		9.080085754394531	4
a n d s t a n d S197:a S243:z S250:a		8.991534233093262	11
𐌿 𐌱 𐌹 𐌻 𐍅 𐌰 𐌿 𐍂 𐌳 S206:𐌹 S235:𐌽		9.320557594299316	11
𐌻 𐌿 𐌱 𐌾 𐌰 𐌻 𐌴 𐌹 𐍃 S186:𐌰 S206:𐌹		9.115316390991211	11
r ō d i S134:d S141:i S272:s		9.063905715942383	7
𐌲 𐌰 𐌱 𐌿 𐌲 𐌰 𐌽 S173:𐍉 S255:𐍃		8.977656364440918	9
s l e i þ e i S190:n S272:s		9.301392555236816	9
𐌿 𐍆 𐍂 𐌰 𐌺 𐌾 𐌰 𐌽 𐌳 S186:𐌰 S194:𐌼		9.360743522644043	11
𐌿 𐍆 𐍃 𐍄 𐍂 𐌰 S50:𐍅 S54:𐌹 S87:𐌳 𐌰 S206:𐌹 S214:𐍄 S255:𐍃		9.337263107299805	13
u n k u n þ S141:i S190:n		9.199538230895996	8
𐍃 𐍅 𐌹 𐌻 𐍄 S206:𐌹 S218:𐌸		9.387569427490234	7
𐌲 𐌰 𐌿 𐌽 𐌻 𐌴 𐌳 S155:𐌹 S174:𐌳 S201:𐌴 S230:𐌳 S251:𐌿 S253:𐍄 S255:𐍃		8.98304271697998	14
𐌲 𐌰 𐌷 𐌿 𐌻 𐌹 S41:𐌳 S77:𐍉 S89:𐌽 𐍃		8.959503173828125	10
g r a b		8.689798355102539	4
a r m S44:e S73:i s		8.989002227783203	6
u n g a h a b S137:a S141:i S226:d S231:ē S262:d S263:u S268:t S272:s		9.194336891174316	15
𐍈 𐌰 𐌸 𐌾 𐌰 𐌽 𐌳 S186:𐌰		10.189619064331055	8
𐍆 𐌰 𐌿 𐍂 𐌰 𐌲 𐌰 𐌻 𐌴 𐌹 𐌺 𐌰 S155:𐌹 S174:𐌳 S201:𐌴 S230:𐌳 S251:𐌿 S253:𐍄 S255:𐍃		9.063140869140625	19
𐌱 𐌹 𐍃 𐍀 S52:𐌴 𐌹 𐍅 S186:𐌰		9.04820728302002	8
𐌰 𐌽 𐌰 𐌱 S54:𐌹 𐌿 𐌳 S186:𐌰 S206:𐌹 S229:𐌽 S230:𐌳 S294:𐌰 S308:𐌿		9.097526550292969	13
a f m ō j a S141:i S207:m S250:a		8.992656707763672	9
𐌿 𐌽 𐌻 𐌴 S41:𐌳 S77:𐍉 S89:𐌽 𐍃		9.34533977508545	8
g a t r S70:a u d		8.816488265991211	7
𐍆 𐌰 𐌿 𐍂 𐌱 𐌹 𐌲 𐌰 𐌲 𐌲 S206:𐌹 S218:𐌸		9.038900375366211	12
j u k u z S244:j S250:a S275:i		9.473621368408203	8
f r a m a þ S123:e S141:i		9.164955139160156	8
𐌲 𐌰 𐌱 𐌿 𐌲 𐌰 𐌽 S186:𐌰 S206:𐌹 S236:𐌶 S238:𐌴		8.96557331085205	11
𐌱 𐌹 𐌻 𐌰 𐌹 𐌱 𐌾 𐌰		9.035303115844727	8
h a u n S133:j S187:ō S190:n S250:a		9.349822044372559	8
𐌽 𐌴 𐌹 𐍅 𐌰 S174:𐌳 S186:𐌰 S282:𐌿		9.098796844482422	8
u r r a n n S141:i S226:d S231:ē S262:d S269:e S270:i S272:s		9.219416618347168	13
𐌱 𐌰 𐌻 𐍅 𐌹 S41:𐌳 S49:𐌰 S89:𐌽 𐍃		9.11723518371582	9
𐌿 𐍃 𐌷 𐍂 𐌰 𐌼 S54:𐌹 S87:𐌳 𐌰		9.337318420410156	9
g a i b n S141:i S226:d S231:ē S262:d S275:i		8.912096977233887	10
𐌰 𐌷 𐍄 𐌰 𐌿 𐌳 𐍉 𐌲 S186:𐌰 S206:𐌹 S265:𐌼		9.123065948486328	11
𐍃 𐌹 𐌻 𐌳 𐌰 𐌻 𐌴 𐌹 𐌺 𐌾 𐌰 𐌽 𐌳 S173:𐍉 S180:𐌽 S186:𐌰		9.433959007263184	16
s t a i n i S134:d S141:i S272:s		9.202327728271484	9
f ē r S278:ō S285:s		9.154767990112305	5
w i þ r a w a i r þ S250:a S286:n S298:ē		9.27458381652832	13
w ē n j a n d S250:a S286:n S298:ē		9.29123306274414	10
s t S86:u g q S141:i		9.34414291381836	6
𐌹 𐌿 𐌳 𐌰 𐌹 𐍅 𐌹 𐍃 𐌺 𐍉 S179:𐌶 S186:𐌰 S282:𐌿		9.102729797363281	13
𐌲 𐌰 𐍃 𐌺 𐌰 𐍀 S201:𐌴 S206:𐌹 S218:𐌸		8.94796085357666	9
𐍆 𐌰 𐌿 𐍂 𐍂 S56:𐌿 𐌽 𐌽 S206:𐌹		9.046875	9
𐌲 𐌰 𐌽 𐍉 𐌷 𐌾 𐌰 S155:𐌹 S179:𐌶 S186:𐌰 S282:𐌿		8.95927906036377	11
r a u S134:d S141:i S190:n		9.077756881713867	6
𐍅 𐍂 𐌹 𐌺 𐌰 𐌽 S186:𐌰 S194:𐌼 S265:𐌼 S294:𐌰		9.031346321105957	10
𐌷 𐌰 𐌿 𐍃 𐌾 𐍉 S174:𐌳 S186:𐌰		9.277023315429688	8
𐌱 𐌹 𐌸 𐍅 𐌰 𐌷 𐌰 𐌽 𐌳 S186:𐌰 S194:𐌼		9.087947845458984	11
𐌲 𐌰 𐍃 𐌺 S77:𐍉 𐌸 S143:𐌿 S218:𐌸		8.981982231140137	8
𐌷 𐌰 𐌿 𐌷 S177:𐌾 S186:𐌰		9.236432075500488	6
g a f r a u j i n ō		8.934151649475098	10
𐌷 𐌹 𐌽 𐌳 𐌰 𐍂 𐌻 S52:𐌴 𐌹 𐌸 S186:𐌰 S192:𐌽 S230:𐌳 S294:𐌰		9.339543342590332	14
𐌷 𐌿 𐌶 𐌳 S206:𐌹 S230:𐌳 S238:𐌴 S281:𐌳 S282:𐌿		9.091403007507324	9
w S73:i l w S250:a S261:n S262:d S272:s		9.260649681091309	8
l a þ ō S226:d S250:a S286:n S298:ē		9.213221549987793	8
𐍆 𐍂 𐌰 𐍅 𐌰 𐍂 𐌳 𐌹 S174:𐌳 S186:𐌰 S206:𐌹 S236:𐌶 S254:𐍉 S255:𐍃		9.006918907165527	14
f r a w a u r S132:k S133:j S137:a S141:i S226:d S250:a S297:u		9.159832000732422	14
𐌿 𐌽 𐍅 𐌴 𐌹 𐍃 S186:𐌰 S194:𐌼 S265:𐌼 S294:𐌰		9.382572174072266	10
𐍃 𐍅 S56:𐌿 𐌽 𐌸 𐌽 S173:𐍉 S174:𐌳 S201:𐌴 S203:𐌳 S206:𐌹		9.407337188720703	11
g a s u l i S134:d S141:i S190:n S272:s		8.983092308044434	10
𐌲 𐌰 𐌲 𐌰 𐌲 𐌲 𐌰 S155:𐌹 S157:𐍅 S186:𐌰		8.915461540222168	10
b a u r g j S141:i S190:n S272:s		9.274928092956543	9
a n d S65:h S70:a S73:i h a i t S163:u S207:m		9.051133155822754	12
g a h r a i n j a n d S250:a S261:n S272:s		9.020003318786621	14
u s w a h s a n S278:ō S286:n		9.192399978637695	10
m u l d e i n S141:i S190:n S272:s		9.270430564880371	10
𐌳 𐌹 𐍃 𐍅 𐌹 𐍃 S186:𐌰 S206:𐌹		9.201244354248047	8
𐍅 S77:𐍉 𐌷 𐍃		9.054742813110352	4
𐌼 𐌹 𐌽 𐌽 𐌹 𐍃 𐍄 S186:𐌰 S192:𐌽 S255:𐍃		9.666158676147461	10
g a ƕ ō t S133:j S137:a S141:i S190:n S226:d S250:a S297:u		8.956073760986328	12
𐍃 𐌰 𐌺 S186:𐌰 S206:𐌹 S214:𐍄 S255:𐍃		9.394946098327637	7
𐌿 𐍆 𐌰 𐍂 𐌼 𐌿 𐌽 𐌽 𐍉 𐌽 𐌳 S186:𐌰 S194:𐌼		9.377793312072754	13
h a u r n S133:j S137:a S141:i S243:z S250:a S297:u		9.345183372497559	11
f r a u j i n ō S226:d S250:a S297:u		9.173517227172852	11
þ r a f s t S133:j S137:a S141:i S226:d S250:a S297:u		9.092547416687012	12
𐌷 𐌰 𐌿 𐍃 𐌾 𐍉 𐌽 𐌳 S186:𐌰 S194:𐌼		9.266374588012695	10
𐍆 𐍂 𐌰 𐌵 𐌹 𐍃 𐍄 𐌽 S173:𐍉 S174:𐌳 S201:𐌴 S230:𐌳 S282:𐌿 S303:𐌸		9.051385879516602	14
𐌱 𐍂 𐌰 𐌺 𐌾 S233:𐍉		9.018207550048828	6
a f s t i g S163:u S207:m		9.05661392211914	8
𐌱 𐌹 𐌻 𐌰 𐌹 𐌱 𐌾 𐌰 S206:𐌹 S214:𐍄 S255:𐍃		9.06831169128418	11
𐌿 𐍃 𐌵 𐌹 𐍃 𐍄 𐌹 S174:𐌳 S186:𐌰 S192:𐌽 S255:𐍃		9.33353328704834	11
𐍃 𐍅 𐌹 𐌽 𐌸 S173:𐍉 S192:𐌽 S255:𐍃		9.362196922302246	8
𐍆 𐍂 𐌰 𐌻 𐌴 𐍄 𐌰 𐌽 𐌳 S186:𐌰 S192:𐌽 S255:𐍃		9.044294357299805	12
𐌱 𐍂 𐌰 𐌹 S174:𐌳 S186:𐌰 S206:𐌹 S265:𐌼		9.103693962097168	8
𐌰 𐌽 𐌰 𐌻 𐌰 𐌿 𐌲 𐌽 S168:𐌾 S186:𐌰 S192:𐌽 S255:𐍃		9.09045696258545	12
𐌲 𐌰 𐍃 𐌺 𐌰 𐌹 𐌳 𐌰 S179:𐌶 S186:𐌰		8.93973159790039	10
𐍂 𐍉 𐌳 𐌹 S218:𐌸 S255:𐍃		9.047002792358398	6
𐍆 𐍉 𐌳 S155:𐌹 S174:𐌳 S201:𐌴 S230:𐌳 S282:𐌿 S306:𐌼		9.065850257873535	9
g a f u l h a n S141:i S272:s		8.979330062866211	10
r i n n a n d S187:ō S190:n S250:a		9.101313591003418	10
f a u r S120:g S126:a S130:g S135:g S197:a S226:d S250:a S297:u		9.187982559204102	12
s k e i n S137:a S141:i S243:z S250:a S297:u		9.367548942565918	10
g a k a r ō		8.857929229736328	6
f r a d a i l S141:i S226:d S231:ē S291:d S297:u		9.155604362487793	12
w a m m S197:a		9.276993751525879	5
u f a r w i s a n d S141:i S190:n S272:s		9.20398998260498	13
a f s l a u þ n a S141:i S272:s		9.040325164794922	11
t u l g S244:j S250:a S286:n S298:ē		8.80479621887207	8
𐌰 𐌽 𐌳 𐌸 𐌰 𐌲 𐌺 𐌾 𐌰 𐌽 𐌳 S186:𐌰 S192:𐌽 S238:𐌴		9.140056610107422	14
a f h a m ō S226:d S231:ē S291:d S297:u S302:m		9.092229843139648	11
𐌻 𐌰 𐌿 𐌷 𐌰 𐍄 𐌾 𐌰 𐌽 𐌳 S186:𐌰 S194:𐌼		9.147078514099121	12
𐌰 𐌹 𐍅 𐌴 𐌹 𐌽 S186:𐌰 S192:𐌽 S255:𐍃		9.11521053314209	9
𐍅 𐌰 𐌹 𐌻 𐌰 𐌼 𐌴 𐍂 S177:𐌾 S186:𐌰		9.082324028015137	10
a n a b i u d a S141:i S243:z S250:a S297:u		9.040430068969727	12
𐌰 𐍆 𐍅 𐌰 S54:𐌹 𐍂 𐍀 S186:𐌰 S230:𐌳 S294:𐌰		9.067643165588379	10
𐌳 𐍂 𐌰 𐌲 𐌺 𐌹 S174:𐌳 S206:𐌹 S235:𐌽 S255:𐍃		9.247686386108398	10
𐌷 𐌰 𐌹 𐌻 S206:𐌹 S235:𐌽 S255:𐍃		9.305441856384277	7
b a r i z e i n S73:i s		9.314340591430664	10
𐍄 𐌰 𐌽 𐌳 𐌾 𐌰 𐌽 𐌳 S186:𐌰 S192:𐌽 S238:𐌴		9.179951667785645	11
b i a r b a i d j a S141:i S220:t S272:s		9.244941711425781	13
u s w a i r p a n d S123:e S141:i S190:n S278:ō		9.23170280456543	14
𐌱 𐌹 𐍂 𐍉 𐌳 S168:𐌾 S186:𐌰 S230:𐌳 S294:𐌰		8.963056564331055	9
u n w ē r S123:e S141:i S228:þ		9.178755760192871	8
d i u p S212:ō		9.0881986618042	5
g a b a u r a n S151:a S190:n S250:a		8.921043395996094	11
𐌹 𐌳 𐍂 𐌴 𐌹 𐌲 𐍉 S214:𐍄 S255:𐍃		9.060670852661133	9
𐌰 𐌲 𐌻 S168:𐌾 S186:𐌰 S192:𐌽 S255:𐍃		9.117314338684082	7
𐌲 𐌰 𐍃 𐌹 𐌱 𐌾 𐍉 S174:𐌳 S201:𐌴 S230:𐌳 S282:𐌿		8.931401252746582	11
g a h a m ō S226:d S258:ō S272:s		9.049235343933105	9
s a t S141:i S226:d S231:ē S262:d S297:u S302:m		9.30225944519043	9
g a s p S44:e i w S197:a S226:d S250:a S297:u		8.817252159118652	11
q i n e i n S250:a S283:m		10.514148712158203	8
𐍅 𐌰 𐌽 𐌳 𐌾 𐌰 S206:𐌹 S255:𐍃		9.061286926269531	8
𐌲 𐌰 𐍄 𐌰 𐌹 𐌺 𐌽 S155:𐌹 S174:𐌳 S186:𐌰		8.956854820251465	10
𐌺 𐌿 𐌺 S168:𐌾 S170:𐌰 S174:𐌳 S186:𐌰 S282:𐌿		9.15099048614502	8
s p i l l ō S246:w S250:a		9.350303649902344	8
g a r a S141:i S277:r S278:ō S284:þ		8.710814476013184	8
𐍄 𐌰 𐌽 𐌳 S201:𐌴 S206:𐌹		9.163824081420898	6
w a h s S141:i S226:d S231:ē S262:d S297:u S302:m		9.295379638671875	10
l a u s S244:j S250:a S256:i S272:s		9.125593185424805	8
h a i t a n d S250:a S286:n S298:ē		9.418996810913086	10
f r a w a i r p S141:i S228:þ		9.161685943603516	10
g a f r i þ ō S134:d S141:i S190:n S272:s		8.993687629699707	11
𐌿 𐍃 𐌲 𐌰 𐌹 𐍃 S168:𐌾 S186:𐌰 S206:𐌹 S230:𐌳 S294:𐌰 S308:𐌿		9.336247444152832	12
a f h r a i n S133:j S141:i S228:þ		9.03004264831543	10
𐌲 𐌰 𐍄 𐌰 𐌹 𐌺 𐌽 S168:𐌾 S186:𐌰 S206:𐌹 S265:𐌼 S294:𐌰		8.964629173278809	12
g ō l S133:j S137:a S141:i S246:w S250:a		8.84133243560791	8
þ w a i r h S187:ō S190:n S272:s		9.111008644104004	9
𐍅 𐌰 𐌻 S168:𐌾 S186:𐌰 S206:𐌹 S230:𐌳 S294:𐌰 S308:𐌿		9.101956367492676	9
𐌸 𐌿 𐌲 𐌺 𐌾 𐌰 𐌽 𐌳 S52:𐌴 S54:𐌹 S89:𐌽 𐍃		9.440759658813477	12
g a s a i ƕ a n S141:i S272:s		8.97705078125	10
𐌲 𐌰 𐌸 𐌹 𐍅 𐌰 𐌽 𐌳 S201:𐌴 S206:𐌹 S235:𐌽		8.93995189666748	11
𐌰 𐌽 𐌰 𐍄 𐌹 𐌼 𐍂 𐌹 S174:𐌳 S186:𐌰 S192:𐌽 S294:𐌰		9.102826118469238	12
𐌲 𐌰 𐍆 𐍂 𐌹 𐌸 𐍉 𐌽 𐌳 S186:𐌰 S194:𐌼		8.966878890991211	11
a t a u g i S226:d S250:a S275:i S283:m		9.046527862548828	10
b a i r a n d S123:e S141:i S190:n S272:s		9.28659439086914	11
𐌲 𐌰 𐌸 𐌿 𐌻 𐌰 𐌽 𐌳 S52:𐌴 S54:𐌹 S89:𐌽 𐍃		8.95616626739502	12
s l ē p S197:a S226:d S250:a S297:u		9.387465476989746	8
𐌲 𐌰 𐌼 𐍉 𐍄 S155:𐌹 S174:𐌳 S201:𐌴 S230:𐌳 S282:𐌿 S303:𐌸		8.970553398132324	11
d u g S73:i n n S137:a S141:i S190:n S250:a		9.098836898803711	10
a f d a u þ S133:j S197:a S243:z S250:a		8.986659049987793	10
a f f i l h a S141:i S220:t S272:s		9.003729820251465	10
d i s h a b a i S226:d S250:a		9.15056037902832	10
𐍃 𐍅 𐌹 𐌺 𐌽 S173:𐍉 S180:𐌽 S186:𐌰		9.367408752441406	8
𐌼 𐌰 𐌽 𐌰 𐌲 𐍆 𐌰 𐌻 𐌸 S233:𐍉		9.6349458694458	10
h a f a n S250:a S275:i S283:m		9.333824157714844	8
g a n a w i s t r ō S226:d S250:a S275:i S283:m		9.026630401611328	14
g a l a u b i S68:d S84:ō S88:n s		8.992761611938477	11
𐌻 𐌰 𐌿 𐌷 𐌰 𐍄 𐌾 𐌰 𐌽 𐌳 S186:𐌰 S192:𐌽 S255:𐍃		9.15597915649414	13
𐌰 𐍆 𐌲 𐌰 𐌲 𐌲 𐌰 𐌽 𐌳 S173:𐍉 S180:𐌽 S186:𐌰		9.069555282592773	12
k l i s m S244:j S250:a		9.433058738708496	7
l i u h t j a n d S44:e S73:i S88:n s		9.141470909118652	13
a n a m a h t i S226:d S250:a S261:n S272:s		9.052021980285645	12
𐍃 𐌴 𐌹 𐌸 S168:𐌾 S186:𐌰 S192:𐌽 S201:𐌴		9.329181671142578	8
𐌷 𐌰 𐌹 𐌻 S186:𐌰 S206:𐌹 S265:𐌼		9.281916618347168	7
g a l a u b j a n d S123:e S141:i S190:n S272:s		8.946125030517578	14
𐌷 𐌰 𐌿 𐌷 S173:𐍉 S255:𐍃		9.308056831359863	6
𐌿 𐍃 𐌲 𐌰 𐌹 𐍃 𐌹 S41:𐌳 S77:𐍉 𐍃		9.349592208862305	10
f i d u r d ō g S278:ō S286:n		9.180200576782227	10
g a s i n þ S141:i S190:n S272:s		8.932026863098145	9
u f a r w i s a n d S250:a S283:m		9.203242301940918	12
𐌿 𐍃 𐌱 𐌰 𐌹 𐍂 𐌰 𐌽 𐌳 S201:𐌴 S206:𐌹 S235:𐌽 S305:𐍉		9.33841609954834	13
𐌱 𐌹 𐌲 S52:𐌴 𐍄 S143:𐌿 S218:𐌸		9.077171325683594	7
𐌿 𐍃 𐍅 𐌰 𐌷 𐍃 𐌾 𐌰 S54:𐌹 𐌽 S186:𐌰		9.341911315917969	11
𐌰 𐌽 𐌳 𐌰 𐍃 𐌴 𐍄 S233:𐍉		9.068364143371582	8
f r a w u l w a n S187:ō S190:n S272:s		9.1655912399292	12
a i r z S141:i S226:d S231:ē S291:d S297:u		8.929488182067871	9
𐌻 𐌰 𐌿 S148:𐌱 S206:𐌹 S255:𐍃		9.12240982055664	6
𐌿 𐌽 𐌲 𐌰 𐍃 𐌰 𐌹 𐍈 𐌰 𐌽 S173:𐍉 S192:𐌽 S255:𐍃		9.373066902160645	13
g a n a s i S226:d S278:ō S286:n S300:s		9.038634300231934	10
𐌲 𐌰 𐍄 𐍅 𐍉 S192:𐌽 S255:𐍃		8.917340278625488	7
𐌷 𐌰 𐍄 𐌰 S179:𐌶 S186:𐌰		9.24390983581543	6
𐌻 𐌰 𐍄 S173:𐍉 S192:𐌽 S255:𐍃		9.128130912780762	6
l a u s S278:ō S285:s		9.18310832977295	6
a n d l ē t n S187:ō S226:d S231:ē S291:d S297:u		8.978588104248047	12
a i ƕ a t u n d S244:j S278:ō		9.006620407104492	10
𐌷 𐌻 𐌰 𐌷 𐌾 𐌰 𐌽 𐌳 S186:𐌰 S194:𐌼		9.291633605957031	10
𐌰 𐌽 𐌳 𐌻 𐌴 𐍄 𐌽 S173:𐍉 S174:𐌳 S201:𐌴 S230:𐌳 S282:𐌿 S306:𐌼		9.098139762878418	13
s t a i n e i n S70:a S88:n s		9.35603141784668	11
𐌲 𐌰 𐌺 𐌿 𐌽 𐌽 𐌰 𐌹 S169:𐌳 S173:𐍉		8.951265335083008	10
g a k a n n S123:e S141:i		8.862852096557617	8
𐍆 𐍂 𐌰 𐍅 𐌰 S206:𐌹 S208:𐌻 S210:𐍉 S214:𐍄		9.002998352050781	9
g a t a n d j a S190:n S226:d S250:a		8.998045921325684	11
𐌱 𐌰 𐌹 𐍄 𐍂 S173:𐍉 S180:𐌽 S186:𐌰		9.035983085632324	8
𐌷 𐌽 𐌰 𐌹 𐍅 𐌹 S169:𐌳 S173:𐍉 S192:𐌽		9.28266716003418	9
w S70:a k S250:a S261:n S262:d S272:s		9.306513786315918	7
𐍆 𐌰 𐌿 𐍂 𐌰 𐌼 𐌴 𐌻 S168:𐌾 S186:𐌰 S192:𐌽 S230:𐌳 S294:𐌰		9.035319328308105	13
𐌱 𐌻 𐌰 𐌿 𐌸 𐌾 𐌰 𐌽 𐌳 S54:𐌹 S89:𐌽 𐍃		9.078197479248047	12
𐌲 𐌰 𐍆 𐍂 𐌹 𐍃 𐌰 𐌷 𐍄 𐌹 S174:𐌳 S186:𐌰 S192:𐌽 S201:𐌴		8.994242668151855	14
s i p ō n j a S226:d S250:a S297:u		9.374194145202637	10
𐌰 𐌽 𐌰 𐌽 𐌹 𐌿 𐌾 S206:𐌹 S218:𐌸		9.088213920593262	9
𐌲 𐌰 𐌲 𐌰 𐌻 𐌴 𐌹 𐌺 𐍉 S218:𐌸		8.946586608886719	10
𐌼 𐌰 𐍂 𐌶 S155:𐌹 S174:𐌳 S186:𐌰		9.567519187927246	7
𐌰 𐍄 𐍅 𐍉 𐍀 S54:𐌹 S87:𐌳 𐌰		9.072786331176758	8
ƕ ō t S141:i S226:d S231:ē S291:d S297:u		10.576942443847656	8
f r a w a u r p a n S250:a S286:n		9.182148933410645	12
g a l i s a n S141:i S272:s		8.96572208404541	9
𐌸 𐌰 𐍂 𐌱 S186:𐌰 S194:𐌼 S265:𐌼 S294:𐌰		9.400732040405273	8
g a u n l ē d S133:j S137:a S141:i S190:n S250:a		9.001521110534668	12
b r a i S226:d S278:ō S286:n S300:s		9.237510681152344	8
𐌸 𐌹 𐌿 𐌸 𐌹 S174:𐌳 S186:𐌰 S192:𐌽		9.486817359924316	8
S17:𐌷 S24:𐌰 S29:𐌹 𐌷 𐌰 𐌻 𐌳		7.330445766448975	7
𐍆 𐍂 𐌰 𐌻 S52:𐌴 S55:𐍄 𐌰 S206:𐌹 S255:𐍃		9.011967658996582	9
b i þ r a g S133:j S197:a S226:d S250:a		9.188169479370117	10
𐌰 𐌽 𐌰 𐍅 𐌰 𐌹 𐍂 𐌸 S206:𐌹 S235:𐌽		9.11113452911377	10
f r a w a S86:u r p S163:u S228:þ		9.155003547668457	10
𐍅 𐌰 𐍃 𐌾 𐌰 S156:𐌽 S174:𐌳 S186:𐌰		9.133016586303711	8
𐍂 𐌹 𐌽 𐌽 𐌰 𐌽 𐌳 S201:𐌴 S206:𐌹 S235:𐌽		9.085174560546875	10
𐌲 𐌰 𐌸 𐌻 𐌰 𐌷 𐍃 𐌽 S173:𐍉 S174:𐌳 S201:𐌴 S230:𐌳 S282:𐌿 S306:𐌼		9.023113250732422	14
a n d h r u s k a n d S250:a S283:m		9.039000511169434	13
a s a n S250:a S275:i		9.005176544189453	6
a f g u S226:d S278:ō		8.96383285522461	6
𐌵 S54:𐌹 𐌸 S186:𐌰 S206:𐌹 S229:𐌽 S230:𐌳 S294:𐌰 S308:𐌿		9.633307456970215	9
𐌻 𐌿 𐍄 𐍉 𐌽 𐌳 S201:𐌴 S206:𐌹 S235:𐌽 S255:𐍃		9.099210739135742	10
g a b u n d a n S250:a S261:n S272:s		8.982861518859863	11
g r a m S133:j S137:a S190:n S226:d S250:a		8.957206726074219	9
𐍆 𐌰 𐌲 𐍂 S173:𐍉 S180:𐌽 S186:𐌰		8.961016654968262	7
𐌱 𐍂 S56:𐌿 𐌽 𐌽 S143:𐌿 S194:𐌼		9.140481948852539	7
𐍆 𐌰 𐌿 𐍂 𐌰 𐌲 𐌰 𐍂 𐌴 𐌳 𐌰 𐌽 S186:𐌰 S192:𐌽		9.05657958984375	14
𐌰 𐍄 𐌸 𐌹 𐌽 𐍃 S186:𐌰 S230:𐌳 S294:𐌰		9.037701606750488	9
g a þ w a s t j a n d S197:a		8.875176429748535	12
𐌿 𐍆 𐌰 𐍂 𐌼 𐌿 𐌽 𐌽 𐍉 S179:𐌶 S186:𐌰		9.343399047851562	11
𐌲 𐌰 𐍄 𐌹 𐌼 𐍂 S155:𐌹 S174:𐌳 S186:𐌰		8.950532913208008	9
i b n a l e i k S278:ō S283:m		9.420633316040039	10
𐌱 𐌰 𐌹 𐌳 𐌾 𐌰 S206:𐌹 S255:𐍃		8.99473762512207	8
𐌱 𐌹 𐌲 𐍂 S49:𐌰 𐌱 S206:𐌹 S218:𐌸		9.082706451416016	8
g a b r a n n S141:i S226:d S250:a		8.906181335449219	10
𐌷 𐌿 𐌻 𐌸 S173:𐍉 S180:𐌽 S186:𐌰		9.218242645263672	7
𐌲 𐌰 𐌰 𐌹 𐌽 𐌰 𐌹 S169:𐌳 S173:𐍉 S192:𐌽		8.968999862670898	10
𐌿 𐍆 𐌷 𐌰 𐌿 𐍃 𐌴 𐌹 𐌽 S77:𐍉 𐍃		9.352229118347168	11
𐌰 𐌽 𐌳 𐍂 S56:𐌿 𐌽 𐌽 S143:𐌿		9.069957733154297	8
𐌲 𐌰 𐍃 𐍄 S56:𐌿 𐌲 𐌵 S143:𐌿 S214:𐍄 S255:𐍃		8.977349281311035	10
𐌱 𐌻 𐌹 𐌽 𐌳 S186:𐌰 S214:𐍄 S294:𐌰		9.074170112609863	8
u s t a i k n j a S243:z S250:a		9.220775604248047	11
f S86:u l h S163:u S207:m		9.116425514221191	6
𐌲 𐌰 𐌷 𐌰 𐌿 𐍃 𐌾 𐌰 𐌽 𐌳 S201:𐌴 S206:𐌹 S235:𐌽 S255:𐍃		8.98058795928955	14
𐌿 𐍃 𐌼 𐌴 𐍄		9.291818618774414	5
g a s ō þ S123:e S141:i S228:þ		8.851597785949707	8
w i t S222:ā S226:d S250:a S297:u		9.190953254699707	7
g a l e i k i		8.853692054748535	7
r e i r a n d S250:a S283:m		9.064114570617676	9
d u a t s n S44:e w S163:u S207:m		9.137677192687988	10
i n n S73:i m S137:a S141:i S190:n S226:d S250:a S297:u		9.480724334716797	11
a t g i b a n d S123:e S141:i S190:n S272:s		8.989546775817871	12
𐌰 𐌹 𐍃 𐍄 𐌰 𐌽 𐌳 S201:𐌴 S206:𐌹 S235:𐌽		9.073848724365234	10
𐌰 𐍆 𐍆 𐌹 𐌻 𐌷 𐌰 S155:𐌹 S156:𐌽 S186:𐌰		9.09204387664795	10
p l i n s S73:i S94:d a		9.915695190429688	8
u s w a u r h t S187:ō S190:n S250:a		9.195003509521484	11
g a w a s S133:j S137:a S141:i S207:m S250:a		8.910199165344238	10
𐌼 𐌴 𐍂 S168:𐌾 S186:𐌰 S206:𐌹 S237:𐍅 S294:𐌰		9.561421394348145	8
𐌲 𐌰 𐌻 𐌰 𐌲 𐌹 S174:𐌳 S186:𐌰 S206:𐌹 S265:𐌼		8.966241836547852	10
þ l i u h a S141:i S220:t S272:s		9.01911449432373	9
a n d a n ē m e i g S278:ō S283:m		9.089788436889648	12
𐌲 𐌰 𐌷 𐌰 𐌹 𐌻 𐌾 S206:𐌹 S218:𐌸		8.943709373474121	9
𐌲 𐌰 𐌺 𐌰 𐍂 𐍉 S174:𐌳 S201:𐌴 S230:𐌳 S282:𐌿 S303:𐌸		8.94430923461914	11
𐌹 𐌽 𐌽 𐌿 𐌼 𐌰 𐌽 S186:𐌰 S206:𐌹 S236:𐌶 S238:𐌴		9.187854766845703	11
g a s w i n þ i S68:d S250:a S275:i S283:m		8.980866432189941	12
𐌱 𐌰 𐌽 𐌳 𐍅 𐌹 S174:𐌳 S186:𐌰 S192:𐌽 S255:𐍃		9.116819381713867	10
𐍃 𐌿 𐍄 𐌹 S157:𐍅 S186:𐌰 S206:𐌹 S265:𐌼		9.390145301818848	8
𐌿 𐍃 𐍃 𐍄 𐌰 𐌽 𐌳 𐌰 𐌽 𐌳 S201:𐌴 S206:𐌹 S235:𐌽 S255:𐍃		9.368367195129395	14
s t a n d a n d S44:e S73:i S88:n s		9.37267780303955	12
𐌲 𐌰 𐌽 𐍉 𐌷 𐌹 S169:𐌳 S173:𐍉 S192:𐌽 S255:𐍃		8.97647476196289	10
m i n n i s t S197:a		9.280884742736816	8
d a u þ S197:a		9.152386665344238	5
b i m a i S121:t S137:a S141:i S207:m S250:a		9.148816108703613	10
𐌻 𐌹 𐍃 𐍄 𐌴 𐌹 𐌲 S186:𐌰 S206:𐌹		9.14509391784668	9
𐌲 𐌰 𐌼 𐌿 𐌽 𐌰 𐌽 𐌳 S201:𐌴 S206:𐌹 S235:𐌽		8.951647758483887	11
𐌲 𐌰 𐌸 𐌻 𐌰 𐌷 𐍃 𐌽 S173:𐍉 S174:𐌳 S201:𐌴 S230:𐌳 S251:𐌿 S253:𐍄 S255:𐍃		9.030248641967773	15
l a i k S250:a S256:i S268:t S272:s		9.147333145141602	8
𐍄 𐌰 𐌹 𐌷 𐌿 𐌽 𐍄 𐌰 𐌹 𐌷 𐌿 𐌽 𐌳 S186:𐌰		9.140739440917969	14
𐌲 𐍉 𐌳 𐌰 𐌺 𐌿 𐌽 𐌳		8.943687438964844	8
𐌳 𐍂 𐍉 𐌱 𐌾 𐌰 S155:𐌹 S179:𐌶 S186:𐌰 S282:𐌿		9.223505973815918	10
𐌰 𐌿 𐌳 𐌰 𐌲 S233:𐍉		9.03468132019043	6
s t i u r S133:j S141:i S228:þ		9.308752059936523	8
𐍂 𐌿 𐌼 S49:𐌰 S89:𐌽 𐍃		9.066128730773926	6
𐌿 𐌽 𐌼 𐌰 𐌷 𐍄 𐌴 𐌹 𐌲		9.360206604003906	9
𐌲 𐌰 𐌱 𐌻 𐌹 𐌽 𐌳 S155:𐌹 S174:𐌳 S201:𐌴 S230:𐌳 S282:𐌿 S303:𐌸		8.984925270080566	13
k a p i l l ō S144:s		9.477180480957031	8
𐌷 𐍂 𐌰 𐌼 𐌾 𐌰 S174:𐌳 S186:𐌰 S282:𐌿		9.267768859863281	9
b i l a i b S123:e S141:i S228:þ		9.212583541870117	9
𐍆 𐌰 𐌿 𐍂 𐌰 𐌲 𐌰 𐌼 𐌴 𐌻 S201:𐌴 S206:𐌹 S218:𐌸		9.078953742980957	13
𐌿 𐍃 𐍄 𐌹 𐌿 𐌷 𐌰 𐌽 𐌳 S186:𐌰 S192:𐌽 S238:𐌴		9.34661865234375	12
𐌲 𐌰 𐌱 𐌿 𐌲 𐌰 𐌽 S173:𐍉 S180:𐌽 S186:𐌰		8.961606979370117	10
f u l l n a n d S141:i S190:n S272:s		9.1566743850708	11
u n s ē l S244:j S278:ō		9.13088321685791	7
s p e d i s t S250:a S286:n		9.334541320800781	9
r a u S226:d S250:a S261:n S272:s		9.102931022644043	7
g a d ō m i S134:d S141:i S190:n S272:s		8.996474266052246	10
h l S31:ē f S163:u S228:þ		9.244279861450195	6
𐌲 𐍂 S77:𐍉 𐌱 S143:𐌿 S218:𐌸		8.935336112976074	6
𐍄 𐍅 𐌴 𐌹 𐍆 𐌻 S168:𐌾 S186:𐌰 S206:𐌹 S235:𐌽 S294:𐌰		9.110799789428711	11
𐌲 𐌰 𐌼 𐌰 𐌿 𐍂 𐌲 S201:𐌴 S206:𐌹 S218:𐌸		8.94975757598877	10
𐍆 𐌴 𐍄 S168:𐌾 S186:𐌰 S206:𐌹 S214:𐍄 S255:𐍃		9.08852481842041	8
𐌲 𐌰 𐍆 𐍂 𐌹 𐍃 𐌰 𐌷 𐍄 S201:𐌴 S206:𐌹		8.947354316711426	11
b i l S123:e S141:i S159:b S250:a S261:n S262:d S272:s		9.191691398620605	10
𐌻 S54:𐌹 𐍃 S186:𐌰 S206:𐌹 S235:𐌽 S294:𐌰		9.112665176391602	7
h l e i b S133:j S137:a S141:i S243:z S250:a S297:u		9.309751510620117	11
𐍂 𐌰 𐌷 𐌽 S168:𐌾 S186:𐌰 S192:𐌽 S230:𐌳 S294:𐌰		9.098954200744629	9
𐌱 𐌻 𐌰 𐌽 𐌳		8.507314682006836	5
𐍈 𐍉 𐍀 S186:𐌰		9.964463233947754	4
u n l ē S226:d S258:ō S272:s		9.15343952178955	7
𐌲 𐍂 𐌴 𐌳 𐍉 S156:𐌽 S174:𐌳 S186:𐌰 S282:𐌿		8.852180480957031	9
g a n a t S141:i S226:d S231:ē S262:d S275:i		8.93863582611084	10
g a d r S61:ō b S163:u S228:þ		8.933428764343262	8
a n a m a h t j a n d S197:a		9.026826858520508	12
u n t a l S250:a S275:i S276:z S278:ō		9.16667366027832	9
𐌰 𐍆 𐌷 𐌰 𐌼 𐍉 S157:𐍅 S186:𐌰		9.075505256652832	8
𐍅 𐌰 𐌹 𐌻 𐌰 𐌼 𐌴 𐍂 S168:𐌾 S186:𐌰 S206:𐌹 S229:𐌽 S230:𐌳 S294:𐌰 S308:𐌿		9.135832786560059	15
g a t u l g S141:i S226:d S231:ē S291:d S297:u		8.945465087890625	11
u r r i n n a n d S123:e S141:i S190:n S278:ō		9.211952209472656	13
g a n i þ j i s		8.919968605041504	8
g a s k e i r S141:i S226:d S231:ē S291:d S297:u		8.889884948730469	12
h a u h i S226:d S250:a S275:i S276:z S298:ē		9.364095687866211	10
a f l i f n a n d S250:a S286:n S298:ē		9.017752647399902	12
𐍆 𐌰 𐌿 𐍂 𐌰 𐍂 𐌰 𐌷 𐌽 𐌾 𐌰 𐌽 𐌳 S201:𐌴 S206:𐌹 S235:𐌽		9.047788619995117	16
l a i s S141:i S226:d S231:ē S262:d S269:e S270:i S272:s		9.194097518920898	11
𐌳 𐌹 𐍃 𐌷 𐌽 𐌹 𐌿 𐍀 𐌰 𐌽 𐌳 S201:𐌴 S206:𐌹 S235:𐌽 S255:𐍃		9.312553405761719	15
𐌿 𐍆 𐌰 𐍂 𐍆 𐌿 𐌻 𐌻 S186:𐌰 S192:𐌽		9.342784881591797	10
d i w a n S212:ō		9.10767936706543	6
d a i g S61:ō s		9.166266441345215	6
𐌱 𐌹 𐍂 𐍉 𐌳 S168:𐌾 S186:𐌰 S206:𐌹 S236:𐌶 S294:𐌰 S308:𐌿		8.994839668273926	11
f i n þ a n d S123:e S141:i S190:n S272:s		9.196358680725098	11
𐌼 𐌹 𐌸 𐌿 𐍃 𐌺 𐌴 𐌹 𐌽 𐌰 𐌽 𐌳 S54:𐌹 S89:𐌽 𐍃		9.595366477966309	15
r S86:u n n S163:u S207:m		9.091792106628418	6
𐍆 𐍂 𐌹 𐌾 𐍉 𐌽 𐌳 S186:𐌰 S192:𐌽 S238:𐌴		9.005622863769531	10
S7:l S15:a S16:i l S70:a u d		7.928752422332764	7
𐌰 𐌿 𐌸 S168:𐌾 S173:𐍉 S180:𐌽 S186:𐌰		9.072304725646973	7
𐌻 𐌹 𐌿 𐌲 S173:𐍉 S255:𐍃		9.10239315032959	6
s w a r a S141:i S220:t S272:s		9.340704917907715	8
𐌳 𐍅 𐌰 𐌻 S173:𐍉 S180:𐌽 S186:𐌰		9.224519729614258	7
f r a q i m a n d S123:e S141:i S190:n S278:ō		9.181495666503906	13
𐍆 𐌻 𐌰 𐌿 𐍄 S168:𐌾 S186:𐌰 S230:𐌳 S294:𐌰		9.025866508483887	9
𐌿 𐍃 𐌲 𐌰 𐌲 𐌲 𐌰 S175:𐌹 S176:𐌼 S186:𐌰		9.31510066986084	10
g a r a h n j a S73:i n S197:a		8.969897270202637	11
𐌿 𐍃 𐍃 𐍄 𐌰 𐌽 𐌳 𐌰 𐌽 𐌳 S201:𐌴 S206:𐌹 S235:𐌽 S305:𐍉		9.371807098388672	14
g a n a i t S141:i S226:d S231:ē S262:d S275:i		8.947598457336426	11
𐌲 𐌿 𐌳 𐌰 𐍆 𐌰 𐌿 𐍂 𐌷 𐍄 S186:𐌰 S206:𐌹 S236:𐌶 S305:𐍉		8.976969718933105	14
g a f S70:a S73:i S83:f ā h S163:u S220:t S272:s		8.94715690612793	11
𐌻 𐌹 𐌿 𐌱 𐌰 𐌻 𐌴 𐌹 𐌺 S173:𐍉 S192:𐌽 S255:𐍃		9.157797813415527	12
f a g i n ō S190:n S250:a		9.211633682250977	8
u f a r l e i þ a S141:i S243:z S250:a S297:u		9.191458702087402	13
𐌲 𐌰 𐍃 𐌻 𐌴 𐌹 𐌸 𐌹 S174:𐌳 S186:𐌰 S206:𐌹 S265:𐌼		8.964462280273438	12
s w a r		9.347692489624023	4
h a i t S137:a S141:i S243:z S250:a S297:u		9.304986953735352	9
g a n a s S133:j S137:a S141:i S190:n S250:a		8.962489128112793	10
𐌿 𐍆 𐌱 𐌻 𐌴 𐍃 𐌰 𐌽 S186:𐌰 S194:𐌼 S265:𐌼 S294:𐌰		9.33775806427002	12
g u d j i n ō S220:t S272:s		8.871135711669922	9
w r ē k e i S190:n S278:ō		9.244662284851074	8
g u m a k u n d S250:a S283:m S302:m S304:a		8.91973876953125	12
a l j a l e i k ō S226:d S250:a S275:i S283:m		9.026836395263672	13
s a l b ō n d S123:e S141:i S190:n S272:s		9.346403121948242	11
ƕ ō t S133:j S137:a S141:i S190:n S226:d S250:a S297:u		10.406655311584473	10
f r a m a þ S244:j S250:a S275:i		9.171463966369629	9
g a n a w i s t r ō S226:d S250:a		8.884316444396973	12
𐌻 𐌹 𐌿 𐌸 𐍉 S169:𐌳 S171:𐌴 S174:𐌳 S201:𐌴 S206:𐌹 S255:𐍃		9.102255821228027	11
g a b a i r h t S141:i S226:d S231:ē S262:d S263:u S268:t S272:s		8.962754249572754	15
𐌲 𐌰 𐌻 𐌹 𐌿 𐌷 𐍄 S155:𐌹 S174:𐌳 S201:𐌴 S230:𐌳 S282:𐌿 S306:𐌼		8.975441932678223	13
u s w a n d S141:i S226:d S231:ē S262:d S297:u S302:m		9.216347694396973	12
g a w r S73:i k S137:a S141:i S226:d S250:a S297:u		8.866426467895508	11
g a l S131:ū S244:j S250:a		8.805316925048828	6
𐍆 𐌰 𐌿 𐍂 𐌰 𐌼 𐌴 𐌻 S168:𐌾 S186:𐌰 S206:𐌹 S229:𐌽 S230:𐌳 S294:𐌰 S308:𐌿		9.037209510803223	15
f a i r r S73:i n n		9.200719833374023	8
f u l l S250:a S275:i S276:z S278:ō		9.104324340820312	8
𐌲 𐍂 𐌴 𐌹 𐍀 𐌰 S155:𐌹 S174:𐌳 S186:𐌰		8.849918365478516	9
b i h a i t S141:i S272:s		9.116981506347656	8
𐌱 𐌰 𐍂 𐌽 𐌹 𐍃 𐌺 S186:𐌰 S206:𐌹 S236:𐌶 S305:𐍉		9.095745086669922	11
𐍃 𐍅 𐌹 𐌺 𐌿 𐌽 𐌸 S173:𐍉 S255:𐍃		9.39684772491455	9
𐌹 𐌽 𐍅 𐌰 S206:𐌹 S208:𐌻 S210:𐍉 S214:𐍄		9.133892059326172	8
𐌲 𐌰 𐌸 𐌹 𐍅 𐌰 𐌹 𐌳 S186:𐌰 S192:𐌽 S294:𐌰		8.954484939575195	11
𐌼 𐌹 𐌸 𐌿 𐍃 𐌺 𐌴 𐌹 𐌽 𐌰 𐌽 𐌳 S201:𐌴 S206:𐌹 S235:𐌽		9.59381103515625	15
𐌲 𐌰 𐌷 𐌰 𐌿 𐍃 S168:𐌾 S186:𐌰 S206:𐌹 S229:𐌽 S230:𐌳 S294:𐌰 S308:𐌿		8.957775115966797	13
𐌸 𐌹 𐌿 𐌸 𐌹 S174:𐌳 S206:𐌹 S255:𐍃		9.483792304992676	8
g a l e i þ a S73:i n S226:d S250:a S297:u		8.951211929321289	12
w a i l a m ē r j a n d S123:e S141:i S190:n		9.294028282165527	15
s a t i S226:d S278:ō S286:n S300:s		9.286820411682129	8
𐌳 𐍂 𐌰 𐌲 𐌺 𐌹 S174:𐌳 S186:𐌰 S192:𐌽 S255:𐍃		9.253399848937988	10
𐌰 𐌽 𐌰 𐍃 𐌹 𐌻 𐌰		9.064021110534668	7
𐍂 S54:𐌹 𐌽 𐌽 S178:𐌰 S179:𐌶 S186:𐌰		9.080277442932129	7
𐌷 𐍂 𐌰 𐌹 𐌽 S155:𐌹 S169:𐌳 S171:𐌴 S174:𐌳 S201:𐌴 S206:𐌹 S255:𐍃		9.262351989746094	12
𐌲 𐌰 𐍂 𐌰 𐌹 𐌷 𐍄 S173:𐍉 S192:𐌽 S255:𐍃		8.94887924194336	10
𐌰 𐌽 𐌰 𐍄 𐍂 𐌰 𐌼 𐍀		9.078906059265137	8
𐌰 𐍆 𐍅 𐌰 𐌲 S168:𐌾 S186:𐌰 S230:𐌳 S294:𐌰		9.083498001098633	9
𐌱 𐌰 𐌹 𐍄 𐍂 S186:𐌰 S192:𐌽		9.036826133728027	7
h n a i w i S226:d S250:a S286:n S298:ē		9.322834014892578	10
n a u þ S250:a S275:i		8.985447883605957	6
𐌲 𐌰 𐍆 𐌹 𐌻 𐌷 𐌰 S206:𐌹		8.92487621307373	8
𐌼 𐍉 𐌳 𐌰 𐌲 S173:𐍉 S180:𐌽 S186:𐌰		9.691866874694824	8
𐌿 𐍃 𐌵 𐌹 𐌼 𐌰 𐌽 𐌳 S186:𐌰 S192:𐌽 S255:𐍃		9.344658851623535	11
l i u þ S197:a		9.059568405151367	5
g a w S73:i g		8.745874404907227	5
i n n g a l e i þ a S141:i S272:s		9.475720405578613	12
𐍆 𐍂 𐌰 𐍅 𐌰 𐍂 𐌳 S168:𐌾 S186:𐌰 S206:𐌹 S236:𐌶 S294:𐌰 S308:𐌿		9.019030570983887	13
𐌲 𐌰 𐌽 𐍉 𐌷 𐌾 𐌰 𐌽 𐌳 S186:𐌰 S192:𐌽 S255:𐍃		8.99095344543457	12
𐌱 𐍂 𐌿 𐌺 S168:𐌾 S186:𐌰 S206:𐌹 S265:𐌼		9.05002498626709	8
𐌲 𐌰 𐌷 𐌿 𐌻 𐌹 S174:𐌳 S186:𐌰 S192:𐌽 S255:𐍃		8.968210220336914	10
g a u r S133:j S141:i S228:þ		8.95300579071045	7
𐌽 a l j a n ō S190:n S226:d S272:s		5.690394878387451	10
𐌲 𐍂 S49:𐌰 𐌱 S186:𐌰 S206:𐌹 S237:𐍅 S294:𐌰		8.858794212341309	8
u f s n i þ a n S197:a S220:t S250:a		9.20608139038086	11
𐌰 𐌹 𐌷 𐍄 𐍂 𐍉 𐌽 𐌳 S186:𐌰 S192:𐌽		9.06920337677002	10
𐌲 𐌰 𐍃 𐌺 𐌰 𐌹 𐌳 𐌽 S173:𐍉 S174:𐌳 S201:𐌴 S203:𐌳 S204:𐌴 S206:𐌹 S265:𐌼 S294:𐌰		8.974205017089844	16
b i s t i g q S141:i S228:þ		9.163544654846191	9
𐌲 𐌰 𐍆 𐌿 𐌻 𐌻 S155:𐌹 S174:𐌳 S201:𐌴 S230:𐌳 S282:𐌿		8.933225631713867	11
s t ō m S197:a		9.28461742401123	5
a n a h a b S137:a S141:i S246:w S250:a		9.090845108032227	10
f a i r i n ō S226:d S231:ē S262:d S269:e S270:i S272:s		9.20018482208252	13
𐌱 𐌿 𐌲 𐌾 𐌰 𐌽 𐌳 𐍃		8.954893112182617	8
a n d s t a n d a n d S141:i S190:n		9.045693397521973	13
b S73:i s i t S141:i S190:n S250:a		9.171565055847168	8
b r ū k S244:j S250:a		9.18574333190918	6
l i u g a n d S212:ō		9.1111421585083	8
𐍆 𐌰 𐌿 𐍂 𐌰 𐌲 𐌰 𐌲 𐌲 𐌹		9.026110649108887	10
a i r i n ō		8.9522066116333	6
g a t a r n S141:i S226:d S231:ē S262:d S275:i		9.036938667297363	11
l a u g n S133:j S137:a S141:i S207:m S250:a		9.147045135498047	10
b a l j ō n d S212:ō		9.188698768615723	8
𐌻 𐌴 𐌺 𐌹 𐌽 𐍉 S214:𐍄 S255:𐍃		9.150933265686035	8
𐌿 𐍃 𐌷 𐌰 𐌷 𐌰 S155:𐌹 S174:𐌳 S201:𐌴 S203:𐌳 S206:𐌹		9.304506301879883	11
𐌰 𐍆 𐍃 𐌻 S77:𐍉 𐌷 S206:𐌹 S235:𐌽 S294:𐌰		9.159603118896484	9
𐌰 𐍄 𐍅 𐍉 𐍀 S155:𐌹 S174:𐌳 S201:𐌴 S230:𐌳 S282:𐌿 S306:𐌼		9.10035228729248	11
𐌲 𐌰 𐌸 𐌰 𐌿 𐍂 𐍃 𐌰 𐌽 S186:𐌰 S206:𐌹 S265:𐌼		8.971744537353516	12
𐍀 𐌰 𐌹 𐌳 S233:𐍉		9.617908477783203	5
g a g a l e i k ō S228:þ		8.954952239990234	10
a t w ō p j a n d S212:ō		9.001446723937988	10
a t h S70:a f S133:j S137:a S190:n S226:d S250:a		9.004301071166992	10
𐌿 𐍃 𐌷 𐌻 𐌰 𐌿 𐍀 S186:𐌰 S206:𐌹 S235:𐌽 S294:𐌰		9.342809677124023	11
𐍆 𐍂 𐌿 𐌼 𐌰 𐌱 𐌰 𐌿 𐍂 S186:𐌰		8.991632461547852	10
s i l d a l e i k S123:e S141:i S228:þ		9.406370162963867	12
þ a i r h S130:g S137:a S150:g S239:g S275:i S284:þ		9.1217679977417	11
a f ƕ a p n S137:a S141:i S226:d S250:a S297:u		9.018832206726074	11
u s f i l h		9.179327011108398	6
𐌲 𐌰 𐌸 𐌻 𐌰 𐌹 𐌷 𐌰 S155:𐌹 S174:𐌳 S201:𐌴 S203:𐌳 S204:𐌴 S206:𐌹 S265:𐌼		8.989136695861816	15
u f a r s w a r S197:a		9.189739227294922	9
𐍃 𐌼 𐍅 𐍂 𐌽		9.403783798217773	5
a n d s t S250:a S261:n S262:d S263:u S268:t S272:s		9.029641151428223	11
𐌽 𐌴 𐌹 𐍅 𐌰 S155:𐌹 S156:𐌽 S174:𐌳 S186:𐌰		9.167866706848145	9
𐌲 𐌰 𐍃 𐍅 𐌹 𐌽 𐌸 𐌽		8.982120513916016	8
𐌰 𐍆 𐌰 𐌲 S168:𐌾 S186:𐌰 S192:𐌽 S230:𐌳 S294:𐌰		9.093393325805664	9
l a u s S141:i S226:d S231:ē S262:d S297:u S302:m		9.196585655212402	10
𐌲 𐌰 𐍃 𐌿 𐌻 𐌹 S174:𐌳 S186:𐌰 S194:𐌼 S265:𐌼 S294:𐌰		8.949335098266602	11
s w i g l ō S226:d S231:ē S262:d S263:u S268:t S272:s		9.359674453735352	12
𐌸 𐌹 𐌿 𐌸 S168:𐌾 S186:𐌰 S206:𐌹 S265:𐌼 S294:𐌰		9.529082298278809	9
d a u S127:b S278:ō S286:n S278:ō		9.157102584838867	7
𐍆 𐌴 𐍄 S168:𐌾 S186:𐌰 S206:𐌹 S229:𐌽 S230:𐌳 S294:𐌰		9.093448638916016	9
𐌲 𐌰 𐍃 𐌰 𐍄 𐌹 S218:𐌸		8.93228816986084	7
𐌲 𐌰 𐌳 𐌹 𐌲 𐌰 𐌽 S173:𐍉 S180:𐌽 S186:𐌰		8.970197677612305	10
a t h S70:a f S244:j S250:a S256:i S268:t S272:s		9.02131175994873	10
𐍆 𐌰 𐌿 𐍂 𐍂 S56:𐌿 𐌽 𐌽 S143:𐌿 S218:𐌸		9.05362319946289	10
𐌲 𐌰 𐌱 𐌻 𐌰 𐌿 𐌸 S206:𐌹 S230:𐌳 S238:𐌴 S281:𐌳 S282:𐌿		8.941890716552734	12
𐌳 𐌹 𐍃 𐌳 𐌰 𐌹 𐌻 𐌹 S174:𐌳 S186:𐌰		9.260039329528809	10
g a m ō t S163:u		8.92141342163086	6
𐌲 𐌰 𐌱 𐌻 𐌰 𐌿 𐌸 S155:𐌹 S174:𐌳 S186:𐌰		8.933135986328125	10
g a a i s t S137:a S141:i S226:d S250:a		8.921967506408691	10
w r a t ō n S226:d S250:a		9.265580177307129	8
g a l i u h t j a n d S197:a		8.917840003967285	12
g a s t ō þ S137:a S141:i S246:w S250:a		8.934349060058594	10
g a r a i h t S141:i S226:d S250:a		8.89948558807373	10
s m w r n		9.285321235656738	5
𐌳 𐌿 𐌰 𐍄 𐌲 𐌰 𐌲 𐌲 𐌰 𐌽 𐌳 S186:𐌰 S192:𐌽		9.260205268859863	13
g a u n l ē d S141:i S226:d S231:ē S291:d S297:u		9.0235595703125	12
𐌱 𐌹 𐌰 𐌿 𐌺 𐌽 S186:𐌰 S206:𐌹 S237:𐍅 S294:𐌰		9.010263442993164	10
𐍆 𐌰 𐌿 𐍂 𐌰 𐌲 𐌰 𐍂 𐌴 𐌳 𐌰 𐌽 S206:𐌹 S235:𐌽		9.031533241271973	14
𐍂 𐌴 𐌹 𐌺 S206:𐌹 S255:𐍃		9.044696807861328	6
𐌲 𐌰 𐌱 S52:𐌴 𐌲 S143:𐌿 S194:𐌼		8.954742431640625	7
u n g a w a g i S226:d S250:a S286:n S304:a		9.174856185913086	12
𐌻 𐌹 𐌿 𐌷 𐌰 𐌳 𐌴 𐌹 𐌽 S186:𐌰 S214:𐍄 S294:𐌰		9.171529769897461	12
f r a w r S31:ē k S163:u S228:þ		9.115234375	9
𐌸 𐍂 𐌰 𐍆 𐍃 𐍄 𐌾 𐌰 S175:𐌹 S176:𐌼 S186:𐌰		9.447829246520996	11
n a q a d e i S190:n S272:s		8.963621139526367	9
𐍆 𐍂 𐌰 𐌻 𐌴 𐌹 𐍄 𐌰 S155:𐌹 S174:𐌳 S186:𐌰 S282:𐌿		8.991215705871582	12
d u a t s n S44:e w S163:u		9.135129928588867	9
𐍆 𐌰 𐌿 𐍂 𐌰 𐌲 𐌰 𐍃 𐌰 𐍄 S155:𐌹 S174:𐌳 S201:𐌴 S203:𐌳 S206:𐌹		9.085373878479004	15
𐍀 𐌰 𐌹 𐌳 S173:𐍉		9.546876907348633	5
a n a h n S44:e i w S250:a S256:i S268:t S272:s		9.040053367614746	12
𐌳 𐍂 𐌰 𐌿 𐌷 𐍄 𐌹 𐌽 𐍉 𐌽 𐌳 S186:𐌰 S192:𐌽 S238:𐌴		9.281001091003418	14
t r a u a i n S244:j S250:a S275:i S283:m		8.963698387145996	11
𐌱 𐌹 𐌵 𐌹 𐌼 𐌰 S155:𐌹 S157:𐍅 S186:𐌰		9.028754234313965	9
𐌽 S49:𐌰 𐌹 𐍃 𐍅 𐌰 𐍂 S186:𐌰 S206:𐌹 S218:𐌸		9.172178268432617	10
𐌷 𐌰 𐌱 𐌰 S206:𐌹 S218:𐌸		9.225846290588379	6
𐍆 𐍂 𐌰 𐌵 𐌹 𐌸 𐌰 𐌽 S186:𐌰 S192:𐌽 S255:𐍃		9.037482261657715	11
𐍃 𐌰 𐌿 𐍂 𐌲 𐌰 S156:𐌽 S174:𐌳 S186:𐌰		9.408834457397461	9
a h m e i n S250:a S275:i S283:m		9.039012908935547	9
q u m S250:a S261:n S272:s		10.321656227111816	6
𐌲 𐌰 𐌿 𐍂 S168:𐌾 S206:𐌹 S214:𐍄 S255:𐍃		8.921802520751953	8
𐌼 𐌿 𐌽 𐌰 𐌽 𐌳 S233:𐍉		9.561984062194824	7
g a n a g l S141:i S226:d S231:ē S262:d S297:u S302:m		9.022672653198242	12
𐌿 𐍃 𐌷 𐌰 𐌹 S75:𐌷 𐌰 S206:𐌹 S214:𐍄 S282:𐌿 S303:𐌸		9.355642318725586	11
g a w a u r d S244:j S250:a S286:n		8.884517669677734	10
𐍆 𐍂 𐌰 𐍅 𐌰 𐍂 𐌳 S168:𐌾 S186:𐌰 S206:𐌹 S218:𐌸		9.01901626586914	11
g a s w i l t S141:i S228:þ		8.89749526977539	9
a u k S137:a S141:i S226:d S231:ē S262:d S297:u S302:m		8.784168243408203	10
i n n w a u r p a n S197:a S220:t S250:a		9.480572700500488	13
𐍆 𐍂 𐌰 𐍅 𐌿 𐌻 𐍅 𐌰 𐌽 S186:𐌰 S206:𐌹 S236:𐌶 S238:𐌴		9.026777267456055	13
w i t S222:ā S226:d S250:a		9.241116523742676	6
𐌱 𐍂 S54:𐌹 𐌺 S186:𐌰 S206:𐌹 S265:𐌼 S294:𐌰		8.984720230102539	8
þ a u r f t ō z S187:ō S190:n S272:s		9.14962100982666	11
𐌵 𐌰 𐌹 𐌽 𐍉 S218:𐌸		9.629140853881836	6
a f a r l a i s t S133:j S137:a S190:n S226:d S250:a		9.084716796875	14
𐌵 𐌰 𐌹 𐌽 𐍉 S156:𐌽 S174:𐌳 S186:𐌰		9.640915870666504	8
𐌳 𐌰 𐌿 𐍀 S201:𐌴 S206:𐌹 S214:𐍄 S255:𐍃		9.280637741088867	8
𐌲 𐌰 𐍄 𐍂 𐌿 𐌳 S143:𐌿		8.942190170288086	7
f i d u r f a l þ S197:a		9.195473670959473	10
𐌿 𐍆 𐌺 𐌿 𐌽 𐌽 𐌰 𐌽 𐌳 S54:𐌹 S89:𐌽 𐍃		9.345152854919434	12
q i n a k u n d S187:ō S190:n S250:a		10.412125587463379	11
m i þ S130:g S137:a S150:g S239:g S250:a S275:i S284:þ		9.3172607421875	10
𐌱 𐌹 𐍃 S49:𐌰 S54:𐌹 𐍈 S186:𐌰 S206:𐌹 S265:𐌼 S294:𐌰		8.995162963867188	10
𐌲 𐌰 𐌻 𐌹 𐌿 𐌷 𐍄 S201:𐌴 S206:𐌹 S218:𐌸		8.9608736038208	10
𐌺 𐌽 𐌿 𐍃 𐍃 𐌾 S206:𐌹 S218:𐌸		9.314193725585938	8
𐌺 𐌰 𐍂 𐌰 S206:𐌹		9.110123634338379	5
s a k k S82:j u s		9.261811256408691	7
𐌷 𐌹 𐌼 𐌹 𐌽 𐌰 𐌺 𐌿 𐌽 𐌳 S206:𐌹 S235:𐌽		9.340323448181152	12
u s t a i k n i S68:d S250:a S275:i S295:z S298:ē		9.235464096069336	13
𐌷 𐌻 𐌰 𐌹 S148:𐌱 S186:𐌰 S192:𐌽 S294:𐌰		9.201961517333984	8
𐍅 𐌰 𐌹 𐌻 𐌰 𐍃 𐍀 𐌹 𐌻 𐌻 𐍉		9.130663871765137	11
𐍅 𐌰 𐍂 𐌾 𐌰 𐌽 𐌳 S206:𐌹 S235:𐌽		9.084288597106934	9
g a s t S187:ō S228:þ S275:i		8.993342399597168	7
𐌼 𐌰 𐌹 𐌳 𐌾 S206:𐌹 S218:𐌸		9.5673246383667	7
a f l ē t a S141:i		9.03555679321289	7
g a f r a h S86:u n S163:u S220:t S272:s		8.933453559875488	11
𐍄 𐍅 𐌹 𐍃 𐍃 𐍄 S146:𐌰 S156:𐌽 S174:𐌳 S186:𐌰 S206:𐌹 S214:𐍄 S255:𐍃		9.164936065673828	13
𐌿 𐍃 𐌻 𐌿 𐍄 𐍉 S174:𐌳 S186:𐌰		9.329673767089844	8
u n s a i ƕ a n d S123:e S141:i S190:n		9.215289115905762	12
u f a r m u n n ō S226:d S231:ē		9.20661735534668	11
g a h r a i n j a n d S123:e S141:i S207:m		9.005911827087402	14
h ū h j a n d S123:e S141:i S207:m		9.330498695373535	10
i n n w a u r p a n S187:ō S190:n S250:a		9.484479904174805	13
𐍆 𐌰 𐌹 𐍂 S52:𐌴 𐌷 S143:𐌿		9.031824111938477	7
𐌲 𐌰 𐌽 𐌿 𐌼 𐌰 𐌽 S173:𐍉 S180:𐌽 S186:𐌰		8.964548110961914	10
g a k i u s S141:i S228:þ		8.875666618347168	8
f a u r a g a t e i h a S141:i S190:n S250:a		9.210447311401367	15
𐌹 𐌱 𐌽 𐌰 𐍃 𐍃 S168:𐌾 S186:𐌰 S194:𐌼		9.108559608459473	9
d r a g k S187:ō S190:n S250:a		9.150212287902832	8
a t b a i r a S141:i S226:d S250:a		8.96324634552002	10
g a s l e i þ S133:j S137:a S141:i S226:d S250:a S297:u		8.895674705505371	13
s w ē s S278:ō S286:n		9.33710765838623	6
𐌲 𐍂 𐌴 𐌹 𐍀 𐌰 S174:𐌳 S186:𐌰		8.855168342590332	8
b i d a n S212:ō		9.15897274017334	6
g a w a u r t S250:a S275:i S295:z S298:ē		8.965618133544922	11
g a g a m a i n j a S73:i n S197:a		8.9934663772583	13
𐍄 𐌰 𐌹 𐌺 𐌽 𐌾 𐌰 𐌽 𐌳 S54:𐌹 S89:𐌽 𐍃		9.119629859924316	12
g a f i l h a S190:n S226:d S250:a		8.935341835021973	10
𐌽 𐌰 𐌼 𐌽 𐌹 S174:𐌳 S206:𐌹 S235:𐌽		9.16369342803955	8
𐌱 𐌹 𐌵 𐌹 𐌼 𐌰 S54:𐌹 𐌽 S174:𐌳 S186:𐌰		9.044715881347656	10
a f s w a i r b a S141:i S246:w S250:a		8.993827819824219	12
g a s m S44:e i t S137:a S141:i S246:w S250:a		8.834015846252441	11
g a s w ē r S250:a S275:i		8.913049697875977	8
u l b a n d S244:j S250:a S261:n S272:s		9.199483871459961	10
d u l þ S123:e S141:i S220:t S272:s		9.056865692138672	8
u n a g a n d S212:ō		9.181984901428223	8
𐌲 𐌰 𐍃 𐌺 𐌴 𐌹 𐍂 𐌾 𐌰 𐌽 𐌳 S173:𐍉 S180:𐌽 S186:𐌰		8.963456153869629	14
u f b l ē s a n S250:a S275:i S295:z S298:ē		9.206353187561035	12
d i s w i l w S163:u		9.130728721618652	8
q a i r r e i S190:n		10.256450653076172	8
w a l t S133:j S137:a S141:i S246:w S250:a		9.223904609680176	9
𐌲 𐌰 𐌷 𐌿 𐌻 𐌹 S41:𐌳 S49:𐌰 S54:𐌹		8.923995018005371	9
𐌰 𐌽 𐌳 𐌷 𐌰 𐌼 𐍉 S218:𐌸		9.112837791442871	8
𐌰 𐌽 𐌰 𐌽 𐌹 𐌿 S155:𐌹 S174:𐌳 S201:𐌴 S203:𐌳 S206:𐌹		9.072430610656738	11
s t a S139:u S141:i S246:w S250:a		9.283160209655762	7
𐌱 𐌹 𐌽 𐌹 𐌿 𐌷 𐍃 S168:𐌾 S186:𐌰 S206:𐌹 S230:𐌳 S294:𐌰		9.060195922851562	12
𐌰 𐌽 𐌰 𐍈 𐌴 𐌹 𐌻 𐌰 𐌹 S174:𐌳 S206:𐌹 S255:𐍃		9.094109535217285	12
𐌱 𐍂 𐌿 S193:𐌺 S168:𐌾 S186:𐌰 S206:𐌹 S218:𐌸		9.012334823608398	8
g a b r u k S70:a S88:n a n s		8.967267990112305	11
f a u r a q S70:a m		9.192717552185059	8
𐌼 𐌹 𐌸 𐍆 𐍂 𐌰 𐌷 𐌿 𐌽 𐌸 𐌰 𐌽 S206:𐌹 S235:𐌽		9.624836921691895	14
𐌲 𐌰 𐍃 𐍀 S52:𐌴 𐌹 𐍅 S186:𐌰 S206:𐌹 S265:𐌼		8.936887741088867	10
l S141:i S150:g S151:a S190:n S226:d S250:a		9.113393783569336	7
𐌿 𐍆 𐌰 𐍂 𐍆 𐌿 𐌻 𐌻 S186:𐌰 S206:𐌹 S236:𐌶 S238:𐌴		9.356648445129395	12
𐍈 𐌰 𐍂 𐌱 𐍉 𐌽 𐌳 S147:𐍃		10.143157958984375	8
𐌲 𐌰 𐌽 𐌰 𐌹 𐍄 S155:𐌹 S174:𐌳 S201:𐌴 S203:𐌳 S204:𐌴 S206:𐌹 S265:𐌼		8.988607406616211	13
d u w S61:ō k S123:e S141:i S272:s		9.036547660827637	8
𐌱 𐌻 𐌰 𐌿 𐌸 𐌾 𐌰 𐌽 𐌳 S206:𐌹 S235:𐌽		9.084592819213867	11
𐌲 𐌰 𐌳 𐌹 𐌲 S206:𐌹 S218:𐌸		8.951933860778809	7
g a s w i n þ i S68:d S70:a S88:n s		8.97700309753418	12
𐌼 𐌹 𐍄 𐌰 𐌽 𐌳 S233:𐍉		9.569830894470215	7
þ w a i r h S278:ō S285:s		9.117105484008789	8
𐍀 𐍂 𐌰 𐌿 𐍆 𐌴 𐍄 𐌾 𐌰		9.403229713439941	9
r i q i z e i n S250:a S256:i S257:z S258:ō S272:s		9.04824161529541	13
g a a i s t S137:a S141:i S226:d S231:ē S262:d S297:u S307:þ		9.072273254394531	13
𐌲 𐌰 𐌼 𐌰 𐌹 S174:𐌳 S186:𐌰 S206:𐌹 S236:𐌶 S254:𐍉 S255:𐍃		8.973431587219238	11
s i d ō S246:w S250:a		9.302124977111816	6
𐌰 𐌽 𐌰 𐍄 𐌹 𐌼 𐍂 𐌹 S174:𐌳 S186:𐌰		9.099090576171875	10
𐌰 𐍆 𐍅 𐌰 𐌽 𐌳 S155:𐌹 S174:𐌳 S186:𐌰		9.113279342651367	9
𐌳 𐍂 𐌿 𐌲 𐌺 𐌰 𐌽 S186:𐌰 S206:𐌹 S236:𐌶 S305:𐍉		9.286355018615723	11
h u p S250:a S261:n S272:s		9.218842506408691	6
𐌽 a m m a n w S244:j S250:a S261:n S262:d S272:s		6.187574863433838	12
g ō l S133:j S197:a S226:d S250:a		8.824640274047852	7
𐌷 𐌰 𐌻 𐍄 S186:𐌰 S206:𐌹 S236:𐌶 S238:𐌴		9.309623718261719	8
𐌰 𐌺 𐍂 𐌰 𐌽		8.985116004943848	5
g a s l e i þ j a n d S123:e S141:i S207:m		8.993124961853027	14
𐌲 𐌰 𐌱 S54:𐌹 𐌿 𐌲 S206:𐌹 S235:𐌽 S294:𐌰		8.946318626403809	9
𐌰 𐌹 𐍃 𐍄 𐌰 S155:𐌹 S174:𐌳 S201:𐌴 S230:𐌳 S282:𐌿 S306:𐌼		9.066756248474121	11
a n a h n i w S163:u S228:þ		9.033862113952637	9
b i d S163:u S220:t S272:s		9.197004318237305	6
𐌲 𐌰 𐍄 𐌹 𐌿 𐌷 𐌰 S156:𐌽 S174:𐌳 S186:𐌰		8.953060150146484	10
a i w i s k i S190:n S250:a		8.923792839050293	9
f r a m a þ S244:j S250:a S261:n S272:s		9.18007755279541	10
𐌱 𐌴 𐌹 𐌳 𐌰 𐌽 𐌳 S206:𐌹 S235:𐌽 S255:𐍃		9.087536811828613	10
𐍆 𐌰 𐌲 𐌹 𐌽 𐍉 S218:𐌸		9.024185180664062	7
n a u þ S73:i S88:n s		8.955534934997559	7
𐌱 S54:𐌹 𐍃 𐍄 𐌹 𐌲 𐌵 S186:𐌰 S206:𐌹 S218:𐌸		9.097746849060059	10
a n a m a h t j a S141:i S207:m S250:a		9.004720687866211	12
𐌷 𐍂 𐌰 𐌹 𐌽 S168:𐌾 S186:𐌰 S192:𐌽 S230:𐌳 S294:𐌰		9.264660835266113	10
g a b e i g S278:ō S285:s		8.958666801452637	8
𐍃 𐌹 𐌻 𐌳 𐌰 𐌻 𐌴 𐌹 𐌺 S168:𐌾 S186:𐌰 S192:𐌽 S230:𐌳 S294:𐌰		9.441163063049316	14
𐍆 𐌿 𐌻 S186:𐌰 S194:𐌼		8.980422973632812	5
b i r ō d j a n d S250:a S286:n S298:ē		9.20620346069336	12
𐌲 𐌰 𐌷 𐌽 𐌰 𐌹 𐍅 𐌹 S41:𐌳 S49:𐌰 S54:𐌹		8.961751937866211	11
g a l ē w j a S190:n S226:d S250:a		8.944952964782715	10
𐍅 𐌹 𐍄 𐍉 𐌳 𐌰 𐍆 𐌰 𐍃 𐍄 𐌴 𐌹 𐍃		9.143705368041992	13
𐌳 𐌹 𐌲 𐌰 𐌽 S147:𐍃		9.248091697692871	6
𐍃 𐌺 S77:𐍉 𐌸 S143:𐌿		9.409825325012207	5
g a a i s t S137:a S141:i S228:þ		8.984424591064453	9
𐌲 𐌰 𐌿 𐍂 𐌹 𐌸		8.902667045593262	6
þ S189:ā S219:h S220:t S225:ē S226:d S297:u S307:þ		9.192378997802734	8
d i s t a i r S197:a S246:w S250:a		9.144522666931152	10
f i m f t a t a i h u n d a n d S197:a		9.217041015625	17
g a w e i s ō S228:þ		8.926488876342773	8
i t a S141:i		9.023756980895996	4
𐌲 𐌰 𐌱 𐌿 𐌽 𐌳 𐌰 𐌽 S206:𐌹 S235:𐌽		8.970436096191406	10
l ē k i n ō S190:n S250:a		9.191521644592285	8
𐌿 𐍃 𐌳 𐌰 𐌿 𐌳 𐌾 𐌰 𐌽 𐌳 S52:𐌴 S54:𐌹 S89:𐌽 𐍃		9.351176261901855	14
𐌽 𐌿 𐍆 𐌱 𐍂 S54:𐌹 𐌽 𐌽 S186:𐌰 S192:𐌽 S230:𐌳 S255:𐍃		6.812374114990234	12
𐍅 𐌰 𐌹 𐍂 𐍃 𐌹 𐍃 𐍄 S173:𐍉 S180:𐌽 S186:𐌰		9.133267402648926	11
𐌰 𐌹 𐌽 𐍆 𐌰 𐌻 𐌸 S186:𐌰 S206:𐌹 S265:𐌼		9.091898918151855	10
g a l a u b e i n S73:i S88:n s		8.966011047363281	12
𐌱 𐌰 𐍂 𐌹 𐌶 𐌴 𐌹 𐌽 S186:𐌰 S192:𐌽 S255:𐍃		9.067683219909668	11
𐍃 𐌺 𐌿 𐌻 S52:𐌴 S54:𐌹 𐌽 S186:𐌰		9.397974967956543	8
𐌿 𐍆 𐌰 𐍂 𐍃 𐍄 𐌴 𐌹 𐌲 𐌰 S155:𐌹 S174:𐌳 S201:𐌴 S203:𐌳 S204:𐌴 S206:𐌹 S214:𐍄 S255:𐍃		9.358272552490234	18
b i s w a i r b a S141:i		9.174686431884766	10
𐍅 𐌿 𐌻 𐌻 S173:𐍉		9.002293586730957	5
𐌲 𐌰 𐍅 𐌹 𐍄 𐌰 S206:𐌹		8.924166679382324	7
a t g S125:ē S127:b S163:u		8.90123176574707	6
𐌸 𐌹 𐌿 𐌳 𐌰 𐌽 𐍉 S174:𐌳 S201:𐌴 S203:𐌳 S204:𐌴 S206:𐌹 S265:𐌼		9.481634140014648	13
a t d r S70:a u s		9.00655746459961	7
𐌽 𐌲 𐌰 𐍄 𐌰 𐌹 𐌺 𐌽 S168:𐌾 S186:𐌰 S192:𐌽 S230:𐌳 S255:𐍃		7.814268589019775	13
𐌰 𐍆 𐍅 𐌰 𐌲 S155:𐌹 S174:𐌳 S201:𐌴 S203:𐌳 S204:𐌴 S206:𐌹 S214:𐍄 S255:𐍃		9.121075630187988	13
𐌲 𐌹 𐌱 𐌰 𐌽 𐌳 S233:𐍉		8.890573501586914	7
𐌰 𐌽 𐌰 𐌽 𐌰 𐌽 𐌸 S168:𐌾 S186:𐌰 S192:𐌽 S230:𐌳 S294:𐌰		9.126131057739258	12
𐌽 S49:𐌰 𐌹 𐍃 𐍅 𐌰 𐍂 S206:𐌹 S218:𐌸		9.166996002197266	9
𐌼 𐌴 𐍂 S168:𐌾 S206:𐌹 S235:𐌽 S294:𐌰		9.64617919921875	7
𐌲 𐌰 𐍆 𐌹 𐌻 𐌷 𐌰 S155:𐌹 S174:𐌳 S186:𐌰		8.932747840881348	10
g a q i þ a S141:i S226:d S231:ē S262:d S297:u		8.823899269104004	11
𐌲 𐌰 𐌳 𐍂 𐌹 𐌿 𐍃 𐌰 𐌽 𐌳 S54:𐌹 S89:𐌽 𐍃		8.968494415283203	13
b a u r þ e i S190:n S278:ō		9.296629905700684	9
𐌲 𐌹 𐌻 𐍃 𐍄 𐍂 𐌰 𐌼 𐌴 𐌻 𐌴 𐌹 𐌽 S186:𐌰		8.977337837219238	14
u s h r a m S141:i S226:d S231:ē S291:d S297:u		9.233407974243164	11
a f a r l a i s t S141:i S226:d S231:ē		9.095016479492188	12
𐌹 𐌽 𐌼 𐌰 𐌹 𐌳 𐌹 S169:𐌳 S173:𐍉 S192:𐌽 S255:𐍃		9.141304969787598	11
𐌰 𐌽 𐍃		9.012934684753418	3
𐌱 𐌹 𐍃 𐌰 𐌹 𐍈 𐌰 𐌽 𐌳 S233:𐍉		9.049883842468262	10
𐍆 𐍂 𐌹 𐌾 𐍉 S174:𐌳 S186:𐌰		9.01291561126709	7
g a b a u r a n S250:a S283:m S302:m S304:a		8.947690963745117	12
w a u r d a j i u k S250:a S275:i S283:m		9.281244277954102	13
𐌱 𐌹 𐌷 𐌻 S77:𐍉 𐌷 S143:𐌿		9.038825035095215	7
a g l S250:a S256:i S257:z S258:ō S272:s		8.992636680603027	8
b a n d w S123:e S141:i S228:þ		9.260451316833496	8
𐍆 𐌿 𐌻 𐌻 S173:𐍉 S180:𐌽 S186:𐌰		8.948068618774414	7
𐌱 𐌹 𐌳 𐌰 𐌲 𐍅 S186:𐌰		9.042719841003418	7
a f h l a þ a S141:i S226:d S250:a		8.985800743103027	10
𐌰 𐌿 𐌸 S168:𐌾 S173:𐍉 S255:𐍃		9.069873809814453	6
a n a d r S86:u g k S163:u		9.03243637084961	9
𐍆 𐍂 𐌰 𐌵 𐌹 𐌸 𐌰 𐌽 S233:𐍉		8.977108001708984	9
h a i d S82:j u s		9.315179824829102	7
𐌲 𐌰 𐍅 𐌹 𐍃 𐌰 S206:𐌹 S235:𐌽 S294:𐌰		8.953658103942871	9
a n d a n ē m e i g S70:a S73:i S99:z S102:ō s		9.094243049621582	15
𐌽 𐌰 𐌲 𐌻 S168:𐌾 S186:𐌰 S230:𐌳 S255:𐍃		7.492586612701416	8
𐍃 𐍅 𐌹 𐌻 𐍄 𐌰 𐌽 S174:𐌳 S186:𐌰		9.406017303466797	9
r i u r S133:j S197:a		8.993987083435059	6
g a b i u g a S141:i S226:d S231:ē S262:d S297:u S302:m		8.95158576965332	13
u s f u l l n S250:a S256:i S268:t S272:s		9.223517417907715	11
𐍃 𐌰 𐌻 𐌹 𐌸 𐍅 𐍉 𐍃		9.390119552612305	8
a f m a r z j a S141:i S246:w S250:a		9.004654884338379	11
a n d s t a l d S250:a S256:i S268:t S272:s		9.060285568237305	12
a t h S61:ō f S123:e S141:i S272:s		8.94859504699707	8
h a u n S244:j S250:a S261:n S272:s		9.379029273986816	8
k i n t S70:a S88:n s		9.457379341125488	7
𐍄 𐌿 𐌻 𐌲 S168:𐌾 S206:𐌹 S214:𐍄 S255:𐍃		9.101523399353027	8
g a t r u d S123:e S141:i S272:s		8.856329917907715	9
g a m a i S226:d S250:a		8.937907218933105	7
𐍆 𐌰 𐌹 𐍂 𐍅 𐌰 𐌿 𐍂 𐌺 S168:𐌾 S186:𐌰 S206:𐌹 S237:𐍅 S294:𐌰		9.058362007141113	14
𐍅 𐍂 S49:𐌰 𐌺		9.029791831970215	4
b a r u s n j a S141:i S207:m S250:a		9.312487602233887	11
þ r a i h a n S278:ō S286:n		9.109251976013184	9
a h t a u d ō g S141:i S190:n		9.037435531616211	10
𐌰 𐌽 𐌳 𐍃 𐌰 𐌺 𐌰 𐌽 S186:𐌰 S194:𐌼		9.084165573120117	10
𐌲 𐌰 𐌳 𐍉 𐌼 𐌾 𐌰 𐌽 𐌳 S147:𐍃		8.976561546325684	10
f a u r a r a h n j a n d S250:a S286:n S298:ē		9.24679946899414	16
b a i r h t S250:a S256:i S257:z S258:ō S272:s		9.238992691040039	11
s g a w S73:i d S250:a S261:n S262:d S272:s		5.732021331787109	10
𐌷 𐌰 𐌽 𐌳 𐌿 𐌲 S206:𐌹 S235:𐌽		9.033332824707031	8
m a u r n S222:ā S190:n S226:d S250:a		9.350637435913086	9
𐌱 𐌻 𐌰 𐌿 𐌸 S168:𐌾 S186:𐌰 S192:𐌽 S230:𐌳 S294:𐌰		9.06913948059082	10
a r m S250:a S275:i S295:z S298:ē		9.036225318908691	7
g a w a u r d S244:j S250:a		8.879114151000977	9
𐍂 𐌹 𐌲 𐌽		9.023758888244629	4
f a n S244:j S250:a		9.112711906433105	5
g a k a r ō S226:d S231:ē S291:d S297:u		8.927642822265625	10
𐌰 𐌿 𐌸 S168:𐌾 S206:𐌹 S235:𐌽 S255:𐍃		9.058303833007812	7
w a g S141:i S226:d S231:ē S262:d S275:i		9.233017921447754	8
g a S130:g S137:a S150:g S239:g S275:i S284:þ		8.857351303100586	8
þ a i r h b S31:ē r S163:u S228:þ		9.151071548461914	10
h a i f s t S141:i S226:d S231:ē S262:d S297:u S302:m		9.425347328186035	12
g a l e i k a i S228:þ		8.931193351745605	9
𐌻 𐌰 𐌿 𐍃 𐌵 𐌹 𐌸 𐍂 S186:𐌰		9.121603965759277	9
𐌰 𐌽 𐌳 𐌰 𐌽 𐌴 𐌹 𐌸 S186:𐌰 S192:𐌽 S294:𐌰		9.086264610290527	11
𐌰 𐌽 𐌰 𐌵 𐌹 𐌸 𐌰 S206:𐌹 S237:𐍅 S294:𐌰		9.098037719726562	10
𐌰 𐍆 𐌰 𐌹 𐍂 𐌰 𐌹 𐌷 S186:𐌰 S192:𐌽 S230:𐌳 S255:𐍃		6.577829837799072	12
s ō k S141:i S226:d S231:ē S262:d S269:e S270:i S272:s		9.381661415100098	10
g a m a u r g S133:j S137:a S141:i S246:w S250:a		8.922266960144043	12
s S73:i t S137:a S141:i S190:n S250:a		9.293665885925293	7
𐌻 𐌴 𐌹 𐌺 𐌰 S155:𐌹 S174:𐌳 S186:𐌰		9.138931274414062	8
a h t a u d ō g S250:a S283:m		9.05801773071289	10
a l a S190:n S226:d S250:a		8.974888801574707	6
h u h r S82:j u s		9.186836242675781	7
𐍄 𐌹 𐌿 𐌷 𐌰 𐌽 𐌳 S186:𐌰 S192:𐌽		9.179414749145508	9
a n d b a h t S141:i S226:d S231:ē S262:d S269:e S270:i S272:s		8.98339557647705	14
a n a l a t i S68:d S250:a S275:i S276:z S278:ō		9.038918495178223	12
𐌰 𐍄 𐌳 𐍂 S49:𐌰 𐌲 S186:𐌰 S206:𐌹 S229:𐌽 S230:𐌳 S294:𐌰		9.10427188873291	11
𐌰 b a i r a S190:n S226:d S272:s		6.019498348236084	9
u s k u s a n S212:ō		9.228145599365234	8
a n d þ a g k j a n d S187:ō S190:n S250:a		9.013394355773926	14
w a m m S187:ō S190:n S250:a		9.349038124084473	7
s S70:a k		9.317312240600586	3
𐌻 𐌰 𐌲 𐌲 S186:𐌰 S206:𐌹 S236:𐌶 S254:𐍉 S255:𐍃		9.074305534362793	9
𐌺 𐌿 𐌺 S206:𐌹 S230:𐌳 S238:𐌴 S281:𐌳 S282:𐌿		9.180072784423828	8
𐌼 𐌰 𐌽 𐌰 𐌲 𐌹 𐍃 𐍄 S186:𐌰 S206:𐌹 S236:𐌶 S238:𐌴		9.65424919128418	12
a n d r i n n S197:a S226:d S250:a		9.006936073303223	10
𐌿 𐍃 𐍄 𐌰 𐌹 𐌺 𐌽 S201:𐌴 S206:𐌹 S218:𐌸		9.322580337524414	10
𐌲 𐌰 𐍅 𐌰 𐌿 𐍂 𐌳 S177:𐌾 S186:𐌰		8.942078590393066	9
g a w a r g S123:e S141:i S228:þ		8.955059051513672	9
a t t S31:ē k S141:i S228:þ		8.968820571899414	7
g a w a s i S226:d S250:a S275:i S283:m		8.96653938293457	10
h a u s j ō S226:d S250:a		9.325178146362305	8
g a þ w a s t i S134:d S141:i S190:n		8.865938186645508	11
h a n d u w a u r h t S197:a S220:t S250:a		9.46872615814209	14
a f þ a u r s i S226:d S278:ō		9.037521362304688	10
𐌲 𐌰 𐍃 𐍉 𐌺 𐌾 𐌰 𐌽 𐌳 S201:𐌴 S206:𐌹 S265:𐌼		8.949201583862305	12
a t s S31:ē ƕ S163:u S228:þ		9.045143127441406	7
𐌰 𐌽 𐌳 𐌰 𐌱 𐌴 𐌹 𐍄 S173:𐍉 S180:𐌽 S186:𐌰		9.049068450927734	11
𐌽 i n n a t t S73:i u h S250:a S261:n S262:d S272:s		6.123821258544922	14
𐌱 𐍂 𐌰 𐌺 𐌾 S233:𐍉		9.007617950439453	6
g a l e i k a i S226:d S278:ō S286:n		8.926231384277344	11
𐌱 𐌹 𐍃 S154:𐌴 S183:𐍄 S201:𐌴 S206:𐌹 S214:𐍄 S255:𐍃		9.069628715515137	9
m ē r i S134:d S141:i S190:n		9.3370361328125	7
g a b a u r a n S250:a S261:n S272:s		8.988216400146484	11
𐌵 S54:𐌹 𐌸 S206:𐌹 S235:𐌽		9.606283187866211	5
𐍅 𐌹 𐍄 S143:𐌿		9.083494186401367	4
𐌽 h ā h S250:a S261:n S262:d S272:s		8.00677490234375	8
𐌽 𐌲 𐌰 𐌽 𐌰 𐍅 𐌹 𐍃 𐍄 𐍂 𐍉 S192:𐌽 S230:𐌳 S255:𐍃		7.957259178161621	14
𐌿 𐍃 𐌻 S52:𐌴 S55:𐍄 𐌰 S174:𐌳 S186:𐌰		9.319580078125	8
𐌲 𐌰 𐌷 𐌰 𐌹 𐌻 S186:𐌰 S206:𐌹 S265:𐌼		8.964545249938965	9
𐍆 𐌰 𐌿 𐍂 𐌷 𐍄 S38:𐌾 𐌰 S155:𐌹 S157:𐍅 S186:𐌰		9.040270805358887	11
u n h r a i n S244:j S258:ō S272:s		9.192686080932617	10
g a l i u g a g u S226:d S250:a S283:m		9.005242347717285	12
b i u g a S141:i S226:d S231:ē S262:d S297:u		9.135369300842285	10
𐍆 𐌰 𐍂 𐌰 S155:𐌹 S174:𐌳 S201:𐌴 S203:𐌳 S204:𐌴 S206:𐌹 S214:𐍄 S255:𐍃		8.880636215209961	12
u f b l ē s a n S197:a S220:t S250:a		9.195682525634766	11
𐌼 𐌹 𐌺 𐌹 𐌻 𐌸 𐌿 𐌷 𐍄 S206:𐌹 S235:𐌽 S255:𐍃		9.544917106628418	12
𐍄 𐌿 𐌽 𐌳 𐌽 𐌰 S206:𐌹 S218:𐌸		9.173920631408691	8
g ō l S141:i S226:d S231:ē S291:d S297:u S307:þ		8.99540901184082	9
t a n d S123:e S141:i S228:þ		8.998050689697266	7
h u l S141:i S226:d S231:ē S291:d S297:u		9.33247184753418	8
𐌲 𐌰 𐍃 𐌿 𐌻 𐌹 S169:𐌳 S173:𐍉 S180:𐌽 S186:𐌰		8.94658374786377	10
b i l a i g ō S226:d S250:a		9.1997709274292	9
d i s n i m S137:a S141:i S226:d S250:a		9.144509315490723	10
b i g a u r d a n S250:a S275:i S283:m		9.201152801513672	12
h a u n S141:i S226:d S231:ē S262:d S263:u S268:t S272:s		9.463129043579102	11
f ō d i S226:d S250:a S261:n S272:s		9.173172950744629	8
𐌲 𐌰 𐌻 𐌹 𐌿 𐌲 𐌰 S155:𐌹 S174:𐌳 S201:𐌴 S203:𐌳 S204:𐌴 S206:𐌹		8.949373245239258	13
þ a u r p S187:ō S190:n S250:a		9.076355934143066	8
s k a l k S250:a S283:m		9.320572853088379	7
𐌲 𐌰 𐍄 𐌰 𐍂 𐌽 S155:𐌹 S174:𐌳 S201:𐌴 S230:𐌳 S282:𐌿 S303:𐌸		8.980215072631836	12
g a r a S141:i S277:r S278:ō S284:þ S297:u		8.867749214172363	9
s i u k a n d S123:e S141:i S207:m		9.272175788879395	10
g a i d r e i g ō S226:d S231:ē S262:d S263:u S268:t S272:s		8.967317581176758	15
k a u r S141:i S226:d S231:ē S262:d S297:u S302:m		9.41436767578125	10
𐌿 𐌽 𐌳 𐌲 𐍂 𐌴 𐌹 𐍀 𐌰 𐌽 𐌳 S186:𐌰 S192:𐌽 S238:𐌴		9.380142211914062	14
𐌸 𐌿 𐌲 𐌺 𐌾 𐌰 𐌽 𐌳 S206:𐌹 S235:𐌽		9.435769081115723	10
𐌻 𐌰 𐌿 𐍃 𐌵 𐌹 𐌸 𐍂 S186:𐌰 S206:𐌹 S265:𐌼		9.137113571166992	11
𐌿 𐍆 𐌷 𐍂 𐍉 𐍀 S38:𐌾 𐌰 S155:𐌹 S157:𐍅 S186:𐌰		9.327054023742676	11
𐌿 𐍃 𐌷 S54:𐌹 𐌽 𐌸 S186:𐌰 S206:𐌹 S265:𐌼 S294:𐌰		9.325814247131348	10
𐌼 𐌹 𐌸 𐌲 𐌰 𐍅 𐌹 𐍃 S186:𐌰 S206:𐌹 S235:𐌽 S294:𐌰		9.6246976852417	12
𐌰 𐍄 𐌺 𐌿 𐌽 𐌽 𐌰		9.080361366271973	7
t r a u a i n S70:a S73:i s		8.941848754882812	10
𐌽 f a u r a g a r S31:ē S68:d a S190:n S226:d S272:s		6.067615985870361	15
b i g r a b S137:a S141:i S228:þ		9.226540565490723	9
𐍂 𐌹 𐌿 𐍂 S168:𐌾 S186:𐌰 S206:𐌹 S265:𐌼		9.062201499938965	8
g a k a n n S123:e S141:i S228:þ		8.950430870056152	9
a n a b u d a n S197:a S220:t S250:a		9.02706241607666	11
𐍄 𐍅 𐌹 𐍃 𐍃 𐍄 S146:𐌰 S156:𐌽 S174:𐌳 S186:𐌰 S206:𐌹 S265:𐌼		9.174063682556152	12
𐌰 𐌽 𐌰 𐍀 𐍂 𐌰 𐌲 𐌲 𐌰 S156:𐌽 S174:𐌳 S186:𐌰		9.134241104125977	12
m a m m ō S190:n S272:s		9.281169891357422	7
𐌲 S49:𐌰 𐍃 𐌺 𐌰 𐌸 S168:𐌾 S206:𐌹 S218:𐌸		8.937296867370605	9
𐌿 𐍃 𐍃 𐍄 𐌰 𐌽 𐌳 𐌰 S54:𐌹 𐌽 S174:𐌳 S186:𐌰		9.3613862991333	12
𐌲 𐌰 𐌰 𐌹 𐌽 𐌰 𐌹 S218:𐌸		8.960305213928223	8
𐍅 S54:𐌹 𐌻 𐍅 S206:𐌹 S218:𐌸		9.196029663085938	6
u f s n i þ S163:u S228:þ		9.198763847351074	8
𐌿 𐍃 𐌱 𐍂 𐌰 𐌹 𐌳 S201:𐌴 S206:𐌹 S218:𐌸		9.336812019348145	10
𐌰 𐍆 𐍈 𐌰 𐍀 S155:𐌹 S174:𐌳 S186:𐌰		9.070318222045898	8
𐌰 𐌹 𐌷 𐌰 𐌽 𐌳 S206:𐌹 S235:𐌽		9.070341110229492	8
𐌲 𐌰 𐌿 𐍂 S168:𐌾 S206:𐌹 S218:𐌸		8.934623718261719	7
þ a u r n e i n S250:a S275:i S295:z S298:ē		9.162859916687012	12
𐌲 𐌰 𐌷 𐌰 𐌿 𐍃 𐌹 S174:𐌳 S186:𐌰 S192:𐌽 S255:𐍃		8.970989227294922	11
𐌹 𐌽 𐍃 𐍄 S173:𐍉 S218:𐌸 S282:𐌿 S306:𐌼		9.18797779083252	8
𐌼 𐌰 𐌹 𐌳 𐌾 𐌰 𐌽 𐌳 𐍃		9.553239822387695	9
u s n u m a n S187:ō S190:n S250:a		9.228614807128906	10
l a þ ō S226:d S278:ō		9.196057319641113	6
u n h a i l S197:a S220:t S250:a		9.201874732971191	9
𐌷 𐌿 𐌽 𐌳 S173:𐍉 S180:𐌽 S186:𐌰		8.9273681640625	7
𐌰 𐍆 𐍄 𐍂 𐌰 𐌽 𐌽 𐌰 𐍃 𐍄 𐍉 𐌽 𐌳 𐌴 𐌹 𐌽 𐌳 𐌴 𐌹 𐌽 𐌳 𐌴 𐍃 𐍄 𐌴 𐌹 𐌽 𐌳 𐌴 𐌹 𐌽 𐌳		9.131668090820312	32
u s h a u h i S134:d S187:ō S190:n S250:a		9.212316513061523	11
𐌰 𐍆 𐍅 𐌰 𐌻 𐍅 𐌹 S169:𐌳 S173:𐍉 S192:𐌽 S255:𐍃		9.09747314453125	11
𐍃 𐌽 𐌿 𐍄 𐍂 S186:𐌰 S194:𐌼		9.403945922851562	7
h ū h j S141:i S228:þ		9.277294158935547	6
𐌽 g a w i n n a S190:n S226:d S272:s		5.970632076263428	11
i t a S226:d S250:a		8.855366706848145	5
u b i l S250:a S275:i S295:z S298:ē		9.178807258605957	8
𐍅 𐍂 S54:𐌹 𐌺 S206:𐌹 S214:𐍄 S255:𐍃		9.016213417053223	7
a f l a g S141:i S226:d S231:ē S262:d S275:i		9.069872856140137	10
u s w a n d S141:i S226:d S231:ē S291:d S297:u		9.215187072753906	11
b i w S31:ē s S163:u		9.140088081359863	6
𐌲 𐌰 𐌱 S54:𐌹 𐌿 𐌲 S206:𐌹		8.929540634155273	7
s i p ō n S141:i S226:d S231:ē S262:d S269:e S270:i S272:s		9.374091148376465	12
𐌲 𐌰 𐍃 𐍀 𐌹 𐌻 𐌻 𐍉 S174:𐌳 S201:𐌴 S203:𐌳 S204:𐌴 S206:𐌹 S265:𐌼		8.980711936950684	14
𐌲 𐌰 𐍄 𐌰 𐌿 𐌾 𐌰 S155:𐌹 S174:𐌳 S186:𐌰		8.936768531799316	10
w a i n a h S278:ō S286:n		9.264081954956055	8
d a u þ S250:a S256:i S257:z S258:ō S272:s		9.179573059082031	9
s i g l j a S73:i n S197:a		9.306675910949707	9
a s n e i s		9.020702362060547	6
u s þ r ō þ i S134:d S187:ō S190:n S250:a		9.202990531921387	11
𐌲 𐌰 𐍃 𐌰 𐍄 𐌹 S169:𐌳 S173:𐍉 S192:𐌽 S305:𐍉		8.961923599243164	10
u s S130:g S137:a S150:g S239:g S249:g S250:a		9.219280242919922	8
a u d a g S123:e S141:i S228:þ		8.897871971130371	8
f r a w u l w a n S197:a		9.152114868164062	10
𐌲 𐌰 𐍅 𐌰 S54:𐌹 𐍂 𐍀 S206:𐌹 S218:𐌸		8.953415870666504	9
a l a þ a r b S212:ō		9.002870559692383	8
d i s t a r S163:u S220:t S272:s		9.155263900756836	9
𐌰 𐍆 𐍃 𐍅 𐌰 𐌲 𐌲 𐍅 S168:𐌾 S206:𐌹 S235:𐌽 S294:𐌰		9.1279296875	12
𐌰 𐍆 𐌸 𐌻 S54:𐌹 𐌿 𐌷 S186:𐌰 S206:𐌹 S229:𐌽 S230:𐌳 S294:𐌰		9.087477684020996	12
𐌲 𐌰 𐌸 𐌰 𐍂 𐌱 𐌰 S155:𐌹 S174:𐌳 S201:𐌴 S230:𐌳 S282:𐌿 S303:𐌸		8.978311538696289	13
u f a r f u l l		9.19263744354248	8
s l ē p a n d S197:a		9.354736328125	8
𐍆 𐍂 𐌰 𐍅 𐌰 𐌹 𐍂 𐌸 S206:𐌹 S218:𐌸		9.01254653930664	10
g a l ē k i n ō S226:d S231:ē S291:d S297:u S307:þ		9.02877140045166	13
h a i þ n ō S190:n		9.332201957702637	7
a n a l a u g n S133:j S187:ō S190:n S250:a		9.068227767944336	12
a g l S244:j S250:a S275:i S283:m		9.016822814941406	7
𐍃 𐌺 𐌰 𐌻 𐌺 S186:𐌰 S192:𐌽 S255:𐍃		9.439277648925781	8
a u h j o d S70:a S88:n s		9.025925636291504	9
a t s a t S133:j S141:i S228:þ		9.01846981048584	8
𐌲 𐌰 𐍂 𐌰 𐌶 𐌽 𐍉 S192:𐌽		8.916675567626953	8
a f h a i m S133:j S141:i S190:n		9.035283088684082	9
f r a l u s n S187:ō S226:d S231:ē S291:d S297:u S302:m		9.157114028930664	13
𐌰 𐌽 𐌰 𐌻 𐌰 𐍄 S168:𐌾 S186:𐌰 S192:𐌽 S230:𐌳 S294:𐌰		9.07260513305664	11
𐌼 𐌿 𐌻 𐌳 𐌴 𐌹 𐌽 S147:𐍃		9.535828590393066	8
𐌰 𐌽 𐌳 𐌹 𐌻 𐌰 𐌿 𐍃		9.063424110412598	8
𐌻 𐌰 𐌹 𐌺 S186:𐌰		9.092591285705566	5
s ō k j a S73:i n S197:a		9.332226753234863	8
a n a i n s a k a S190:n S226:d S250:a		9.050559043884277	12
g a g d r a b a n S226:d S272:s		6.0086212158203125	11
𐌰 𐍄 𐌲 𐌹 S148:𐌱 S186:𐌰 S206:𐌹 S265:𐌼 S294:𐌰		9.081512451171875	9
a n a w a m m S244:j S250:a S256:i S268:t S272:s		9.049898147583008	12
𐌰 𐌹 𐍂 𐌸 𐌴 𐌹 𐌽 S186:𐌰 S194:𐌼 S265:𐌼 S294:𐌰		9.033265113830566	11
𐌰 𐌽 𐌰 𐌷 𐌰 𐌼 𐍉 S176:𐌼 S186:𐌰		9.114363670349121	9
w a n S141:i S190:n S272:s		9.334197998046875	6
𐌷 𐌰 𐌷 𐌰 S155:𐌹 S174:𐌳 S201:𐌴 S230:𐌳 S282:𐌿 S306:𐌼		9.317625999450684	10
𐌼 𐌰 𐌿 𐌳 S155:𐌹 S174:𐌳 S186:𐌰		9.62884521484375	7
𐍄 𐌹 𐌿 𐌷 𐌰 𐌽 𐌳 S201:𐌴 S206:𐌹 S265:𐌼		9.187426567077637	10
𐌽 𐌻 S52:𐌴 𐌹 𐍈 S186:𐌰 S192:𐌽 S230:𐌳 S255:𐍃		7.910139560699463	9
u s h a u h i S226:d S250:a S283:m		9.201512336730957	10
s i g i s		9.269580841064453	5
𐍃 𐍄 𐌰 𐌼 𐌼 S173:𐍉 S180:𐌽 S186:𐌰		9.38025951385498	8
𐍆 𐌰 𐌿 𐍂 𐌰 𐌼 𐌴 𐌻 S201:𐌴 S206:𐌹 S214:𐍄 S255:𐍃		9.028934478759766	12
w a n d S141:i S226:d S231:ē S291:d S297:u S307:þ		9.326254844665527	10
g a m a i n þ S250:a S256:i S257:z S258:ō S272:s		8.936319351196289	12
l i þ S82:j u s		9.118060111999512	6
𐌲 𐌰 𐌻 𐌴 𐌹 𐌺 𐌰 𐌹 S169:𐌳 S173:𐍉 S192:𐌽		8.958879470825195	11
a f t a u r n a S141:i S207:m S250:a		9.015616416931152	11
𐌲 𐌰 𐍄 𐌹 𐌼 𐍂 S155:𐌹 S174:𐌳 S201:𐌴 S203:𐌳 S206:𐌹 S235:𐌽 S294:𐌰		8.978248596191406	13
f a u r a m a n w S141:i S226:d S231:ē		9.229315757751465	12
s w a r t S141:i S190:n S272:s		9.320847511291504	8
𐌷 𐌻 𐌹 𐍆 𐌰 S206:𐌹 S214:𐍄 S255:𐍃		9.24707317352295	8
𐌷 𐌻 𐌰 𐌹 S76:𐌱 S77:𐍉 𐍃		9.202205657958984	7
f u l l j a n d S141:i S190:n S272:s		9.142271995544434	11
𐍆 𐌿 𐌻 𐌻 𐌰 𐍆 𐍂 𐌰 𐌸 S168:𐌾 S186:𐌰 S230:𐌳 S294:𐌰		9.063791275024414	13
h a f j a S141:i S190:n S226:d S250:a		9.318496704101562	9
b r u n j ō S190:n S272:s		9.187731742858887	8
b i f a i h ō S226:d S231:ē S291:d S297:u		9.224420547485352	11
m i þ n i m a S141:i S190:n S250:a		9.31908130645752	10
b l ō þ a r i n n a n d S44:e S73:i S88:n s		9.213025093078613	16
i t a S190:n S226:d S250:a		9.36476993560791	6
g a t S70:a S73:i r S137:a S141:i S226:d S250:a S297:u		8.835302352905273	11
w a n a i n S141:i S190:n		9.25606918334961	8
h u l S133:j S137:a S190:n S226:d S250:a		9.219395637512207	8
𐌰 𐍄 𐌲 𐌰 𐍂 𐌰 𐌹 𐌷 𐍄 𐌾 𐌰 S155:𐌹 S174:𐌳 S186:𐌰		9.091584205627441	14
𐌿 𐌽 𐌳 𐍂 𐌰 S206:𐌹 S216:𐍂 S217:𐍉 S218:𐌸 S282:𐌿		9.344219207763672	10
𐌰 𐌽 𐌳 𐌸 𐌰 𐌲 𐌺 𐌾 𐌰 S174:𐌳 S186:𐌰		9.096861839294434	11
𐌽 S130:g S137:a S150:g S239:g S249:g S250:a S261:n S262:d S272:s		7.5198187828063965	10
w i t ō d a f a s t e i s		9.168387413024902	13
l e i k		9.10125732421875	4
𐌳 𐍂 𐌹 𐌲 𐌺 𐌰 𐌽 𐌳 S52:𐌴 S54:𐌹 S89:𐌽 𐍃		9.259832382202148	12
𐌸 𐌰 𐌿 𐍂 𐍃 S168:𐌾 S173:𐍉 S192:𐌽 S201:𐌴		9.464129447937012	9
s w i k n S250:a S275:i S283:m		9.311095237731934	8
m i þ n i m a S141:i S226:d S250:a		9.282926559448242	10
f a u r a r a h n S141:i S226:d S231:ē S262:d S263:u S268:t S272:s		9.20555591583252	16
f S86:u n þ S163:u S228:þ		9.133061408996582	6
𐌽 𐌰 𐍂 𐌳 S168:𐌾 S186:𐌰 S192:𐌽 S201:𐌴		9.152531623840332	8
𐍅 𐌹 𐍄 S162:𐌰 S174:𐌳 S186:𐌰		9.094929695129395	6
g a l e i k a i S226:d S278:ō S283:m		8.96035385131836	11
g a w i g a n S187:ō S190:n S250:a		8.977082252502441	10
𐌲 𐌰 𐍃 𐍄 𐌰 𐌽 𐌳 S206:𐌹 S218:𐌸		8.976622581481934	9
𐌰 𐌽 𐌳 𐌷 𐌰 𐌹 S55:𐍄 𐌰 S155:𐌹 S174:𐌳 S186:𐌰		9.100272178649902	11
u s w a u r p a n S187:ō S190:n S250:a		9.219674110412598	12
w r a k j a S141:i S272:s		9.211019515991211	8
𐌰 𐍆 𐌳 𐌰 𐌿 𐌱 𐌽 S186:𐌰 S206:𐌹 S265:𐌼		9.096951484680176	10
r S73:i n n S141:i S220:t S272:s		8.997732162475586	7
g a m a n S250:a S286:n S298:ē		8.989315032958984	8
𐌲 𐌰 𐍂 𐌹 𐌽 𐌽 𐌰 S155:𐌹 S156:𐌽 S174:𐌳 S186:𐌰		8.952543258666992	11
𐍂 𐌰 𐌹 𐌳 𐌾 𐌰 S174:𐌳 S186:𐌰		9.034751892089844	8
a t d r a g a S141:i S190:n S226:d S250:a		9.035954475402832	11
𐌲 𐌰 𐍆 𐍂 𐌹 𐍃 𐌰 𐌷 𐍄 S201:𐌴 S206:𐌹		8.949913024902344	11
s n S73:i w S137:a S141:i S190:n S226:d S250:a		9.368541717529297	9
þ l i u h S141:i S228:þ		9.023702621459961	7
𐍄 𐌰 𐌻 𐌶 S155:𐌹 S174:𐌳 S201:𐌴 S230:𐌳 S282:𐌿 S303:𐌸		9.231435775756836	10
𐍂 𐌹 𐌽 𐌽 𐍉 S192:𐌽		9.055612564086914	6
𐌲 𐌰 𐍅 𐌰 𐌻 𐌹 S174:𐌳 S206:𐌹 S235:𐌽 S255:𐍃		8.976398468017578	10
l a i s t j a n d S141:i S190:n S272:s		9.184229850769043	12
𐌳 𐌹 𐍃 𐍃 𐌺 𐌰 𐌹 𐌳 𐌰 S206:𐌹		9.242469787597656	10
𐌼 𐌹 𐌸 𐌹 𐌽 𐌽 𐌲 𐌰 𐌻 S52:𐌴 𐌹 𐌸 S186:𐌰 S206:𐌹 S265:𐌼 S294:𐌰		9.681831359863281	16
g a f u l l a w e i s i S226:d S250:a S275:i		8.987707138061523	15
d w a l a w a u r d e i S190:n		9.146339416503906	13
i n w a n d j a S190:n S226:d S250:a		9.424603462219238	11
𐌷 𐌰 𐌿 𐌷 S155:𐌹 S174:𐌳 S201:𐌴 S203:𐌳 S206:𐌹		9.263622283935547	9
𐌲 𐌰 𐍄 𐌰 𐌿 𐍂 𐌽 S173:𐍉 S174:𐌳 S186:𐌰		8.94655704498291	10
𐌱 𐌹 𐌳 𐍉 𐌼 S155:𐌹 S174:𐌳 S201:𐌴 S230:𐌳 S282:𐌿		9.027364730834961	10
a n d s S31:ē t S123:e S141:i S272:s		8.937224388122559	9
𐌹 𐌽 𐍄 𐍂 𐌿 𐍃 𐌲 S155:𐌹 S174:𐌳 S201:𐌴 S230:𐌳 S282:𐌿		9.11939811706543	12
a i z		8.85564136505127	3
𐌲 𐌰 𐌻 𐌰 𐌹 𐍃 S168:𐌾 S186:𐌰 S206:𐌹 S237:𐍅 S294:𐌰		8.960322380065918	11
g a i l S123:e S141:i S220:t S272:s		8.853551864624023	8
𐌿 𐍃 𐍅 𐌰 𐌷 𐍃 𐌰 𐌽		9.355971336364746	8
n i þ a S190:n S226:d S250:a		8.94880199432373	7
𐍆 𐌰 𐌿 𐍂 𐌰 𐌲 𐌰 𐍂 𐌴 𐌳 𐌰 𐌽 S173:𐍉 S192:𐌽 S255:𐍃		9.059901237487793	15
𐌱 𐌹 𐌳 𐌾 𐌰 𐌽 S174:𐌳 S186:𐌰		9.0347900390625	8
𐌷 𐌹 𐌻 𐍀 𐌰 𐌽 𐌳 S201:𐌴 S206:𐌹 S265:𐌼		9.281445503234863	10
s w i g l ō S220:t S272:s		9.317770957946777	8
u n l u s t S70:a S88:n s		9.179646492004395	9
𐌲 𐌰 𐌻 𐌹 𐌿 𐌷 𐍄 𐌾 𐌰 𐌽 𐌳 S206:𐌹 S235:𐌽 S255:𐍃		8.992209434509277	14
b i s k e i n S137:a S141:i S190:n S226:d S250:a		9.194825172424316	12
a n d þ S189:ā S219:h S220:t S225:ē S226:d S297:u		9.048762321472168	10
𐌲 𐌰 𐌻 𐌰 𐌲 𐌹 S174:𐌳 S186:𐌰 S206:𐌹 S265:𐌼		8.96053695678711	10
l a i s t S123:e S141:i S228:þ		9.109138488769531	8
𐍃 𐌹 𐌽 𐌴 𐌹 𐌲		9.327611923217773	6
𐌲 𐌰 𐌸 𐌰 𐌿 𐍂 𐍃 𐌽 𐌰 S175:𐌹 S176:𐌼 S186:𐌰		8.965336799621582	12
w r ō h S123:e S141:i S228:þ		9.208581924438477	7
𐌷 𐌰 𐌹 𐍄 𐌰 𐌽 𐌳 S173:𐍉 S180:𐌽 S186:𐌰		9.275566101074219	10
b i s k e i n S250:a S256:i S268:t S272:s		9.206977844238281	11
𐌿 𐌽 𐌳 𐍂 S52:𐌴 S87:𐌳 𐌰 S155:𐌹 S156:𐌽 S174:𐌳 S186:𐌰		9.349472999572754	11
h r ō p S133:j S137:a S141:i S190:n S226:d S250:a		9.324832916259766	10
𐌽 𐌰 𐍄 S168:𐌾 S186:𐌰 S206:𐌹 S214:𐍄 S255:𐍃		9.153595924377441	8
a t h S70:a f S133:j S137:a S141:i S226:d S250:a		8.983885765075684	10
𐌲 𐌰 𐌻 𐌹 𐌿 𐌲 S173:𐍉 S180:𐌽 S186:𐌰		8.909300804138184	9
a f d u m b n a S141:i S246:w S250:a		9.021040916442871	11
k a u s S141:i S226:d S231:ē S262:d S269:e S270:i S272:s		9.442736625671387	11
g a s l ē p S123:e S141:i S272:s		8.962881088256836	9
𐌿 𐍆 𐌰 𐍂 S155:𐌹 S169:𐌳 S174:𐌳 S177:𐌾 S186:𐌰		9.322402000427246	9
r e i r a n d S73:i S88:n s		9.020161628723145	10
u s m S125:ē S160:t S163:u S220:t S272:s		9.217365264892578	8
a r m S197:a S220:t S250:a		8.991835594177246	6
𐌲 𐌰 𐌱 𐌴 𐌹 𐌲 S186:𐌰 S194:𐌼		8.915460586547852	8
𐍃 𐌹 𐌽 𐌴 𐌹 𐌲 S206:𐌹 S255:𐍃		9.255792617797852	8
þ i u d a n S250:a S261:n S272:s		9.125020980834961	9
u s h r a m S141:i S226:d S231:ē S291:d S297:u		9.231194496154785	11
𐌺 𐌹 𐌽 𐌳 𐌹 𐌽 S186:𐌰 S194:𐌼		9.309882164001465	8
g a s a t i S226:d S278:ō S286:n S300:s		9.001240730285645	10
h r ū k S133:j S197:a S226:d S250:a		9.312948226928711	8
l a g g S250:a S283:m		9.237963676452637	6
a f m a i t S141:i S228:þ		8.988539695739746	8
g a d a u þ n a n d S250:a S286:n S298:ē		8.99188232421875	13
h u g S141:i S226:d S231:ē S291:d S297:u S307:þ		9.306904792785645	9
𐌱 𐌹 𐍅 𐌰 𐌽 𐌳 S155:𐌹 S174:𐌳 S201:𐌴 S203:𐌳 S206:𐌹		9.032061576843262	11
b i l e i þ a S141:i S160:t S163:u S283:m		9.202859878540039	11
𐍆 𐌿 𐌻 𐌻 𐌰 𐍆 𐍂 𐌰 𐌸 S201:𐌴 S206:𐌹 S218:𐌸		9.075676918029785	12
s i k l S231:ē		9.289522171020508	5
ū t b a u r a n S250:a S261:n S272:s		10.28539752960205	11
𐌽 𐌰 𐌲 𐌽 𐌰 𐌲 𐌻 S168:𐌾 S186:𐌰 S192:𐌽 S230:𐌳 S255:𐍃		7.513193607330322	12
l ē w S123:e S141:i S228:þ		9.181330680847168	6
h n a i w i S226:d S250:a		9.345807075500488	8
f r a k u n S124:þ S125:ē S226:d S297:u		9.150840759277344	10
h a i t S137:a S190:n S226:d S250:a		9.311880111694336	8
𐌿 𐍃 𐌷 S77:𐍉 𐍆 S201:𐌴 S206:𐌹		9.313454627990723	7
d r i u s a S141:i S246:w S250:a		9.118104934692383	9
𐍂 𐌰 𐌿 𐍀 S206:𐌹 S230:𐌳 S238:𐌴 S281:𐌳 S282:𐌿		9.023775100708008	9
𐌲 𐌰 𐍃 𐌼 𐌴 𐌹 𐍄 S206:𐌹 S218:𐌸		8.94030475616455	9
𐌲 𐌰 𐌱 𐌹 𐌲 𐌾 𐌰 𐌽 𐌳 S201:𐌴 S206:𐌹 S265:𐌼		8.958918571472168	12
𐌳 𐍂 𐌹 𐌲 𐌺 𐌰 𐌽 𐌳 𐍃		9.244905471801758	9
g a t S31:ē m S163:u		8.893467903137207	6
b a r i z e i n S141:i S190:n		9.2716703414917	10
𐌲 𐌰 𐌹 𐌻 S201:𐌴 S206:𐌹 S218:𐌸		8.949138641357422	7
g a b a u r a n S250:a S275:i S276:z S278:ō		9.00055980682373	12
𐌲 𐌰 𐌺 𐌹 𐌿 𐍃 𐌰 S54:𐌹 𐌽 S186:𐌰		8.941873550415039	10
𐌰 𐍄 𐍂 𐌹 𐌽 𐌽 𐌰 𐌽 𐌳 S233:𐍉		9.073999404907227	10
g a s ō þ j a S141:i S246:w S250:a		8.855049133300781	10
g a f i l h		8.8380708694458	6
u r r i s a n S73:i s		9.260187149047852	9
h a r j i s		9.32468318939209	6
𐌿 𐍃 𐍅 𐌰 𐌻 𐍄 𐌴 𐌹 𐌽 S186:𐌰		9.33127212524414	10
g a w a l i S134:d S187:ō S190:n S250:a		9.001792907714844	10
u s q i s t i S228:þ		9.197855949401855	8
u f a r s w S61:ō r S163:u		9.202221870422363	9
𐌿 𐌽 𐌵 𐌴 𐌸 S168:𐌾 S186:𐌰 S192:𐌽 S294:𐌰		9.362069129943848	9
g a f ā h S137:a S141:i S226:d S250:a S297:u		8.843069076538086	10
g a þ r S44:e i h S197:a S226:d S250:a		8.84341812133789	10
g a m a u r g i S226:d S278:ō S286:n S300:s		9.02079963684082	12
f i j S137:a S141:i S228:þ		9.214162826538086	6
𐌲 𐌰 𐌼 𐌹 𐌺 𐌹 𐌻 S168:𐌾 S186:𐌰 S206:𐌹 S230:𐌳 S294:𐌰		8.944222450256348	12
𐌳 𐍉 𐌼 𐌾 𐌰 𐌽 𐌳 S186:𐌰		9.23913860321045	8
f r a w a r d S123:e S141:i S228:þ		9.187705993652344	10
l a i S197:a S226:d S250:a		9.129878997802734	6
f r u m S187:ō S190:n S250:a		9.15015697479248	7
ƕ e i l S137:a S141:i S226:d S231:ē S262:d S263:u S268:t S272:s		10.69016170501709	12
𐌷 𐌽 𐌰 𐌹 𐍅 S186:𐌰 S206:𐌹 S236:𐌶 S238:𐌴		9.327853202819824	9
𐍃 𐌹 𐌻 𐌳 𐌰 𐌻 𐌴 𐌹 𐌺 𐌾 𐌰 𐌽 𐌳 S233:𐍉		9.432334899902344	14
𐌲 𐌰 𐌺 𐌰 𐍂 𐍉 S156:𐌽 S174:𐌳 S186:𐌰		8.904285430908203	9
g l i t m u n S244:j S250:a S256:i S268:t S272:s		8.898932456970215	12
𐌽 b a u S189:ā S190:n S226:d S272:s		6.607725143432617	8
𐌰 𐌽 𐌰 𐌵 S155:𐌹 S176:𐌼 S186:𐌰 S206:𐌹 S218:𐌸		9.109701156616211	9
u f a r w i s a n d s		9.195894241333008	11
𐍅 𐌰 𐌼 𐌼		8.9932279586792	4
𐌲 𐌰 𐍄 𐌰 𐌻 𐌶 S155:𐌹 S174:𐌳 S201:𐌴 S230:𐌳 S282:𐌿		8.97138500213623	11
𐌳 𐌹 𐍃 𐍃 𐌺 𐌰 𐌹 𐌳 𐌰 𐌽 𐌳 S233:𐍉		9.26155948638916	12
d i s d a i l S141:i S226:d S231:ē S262:d S269:e S270:i S272:s		9.18423080444336	14
𐌰 𐌷 S155:𐌹 S174:𐌳 S201:𐌴 S230:𐌳 S282:𐌿 S303:𐌸		9.207663536071777	8
𐌿 𐌱 𐌹 𐌻 𐍅 𐌰 𐌿 𐍂 𐌳 S186:𐌰 S206:𐌹 S236:𐌶 S238:𐌴		9.341102600097656	13
𐌲 𐌰 𐌳 𐌰 𐌿 𐌱 S155:𐌹 S174:𐌳 S201:𐌴 S203:𐌳 S206:𐌹		8.940892219543457	11
b l a n d S250:a		9.129868507385254	6
𐍆 𐍂 𐌰 𐌻 𐌹 𐌿 𐍃 𐌰 𐌽 𐌳 S186:𐌰		8.998083114624023	11
𐌰 𐌽 𐌳 𐌷 𐌰 𐌹 𐍄 𐌰 𐌽 𐌳 S201:𐌴 S206:𐌹 S235:𐌽 S255:𐍃		9.11871337890625	14
a r b S141:i S190:n S250:a		8.994495391845703	6
𐌻 𐌴 𐌺 𐌹 𐌽 𐍉 S174:𐌳 S186:𐌰		9.136123657226562	8
𐌳 𐌿 𐍂 𐌹 𐌽 𐌽 𐌰 S206:𐌹 S214:𐍄 S255:𐍃		9.233551979064941	10
𐍆 𐌹 𐌾 S206:𐌹 S235:𐌽 S294:𐌰		8.986455917358398	6
𐌵 𐌰 𐌹 𐍂 𐍂 S168:𐌾 S173:𐍉 S192:𐌽 S201:𐌴		9.572186470031738	9
a n d h a i t S250:a S256:i S268:t S272:s		9.049566268920898	11
𐍃 𐌺 𐌰 𐌻 𐌾 S173:𐍉		9.44630241394043	6
a g l S197:a		8.952749252319336	4
𐍆 𐍂 𐌰 𐍅 𐌰 𐍂 𐌳 𐌾 𐌰 𐌽 S174:𐌳 S186:𐌰		9.020233154296875	12
a u þ S141:i S272:s		8.931529998779297	5
l a i S250:a S256:i S268:t S272:s		9.15648078918457	7
u s m S116:i S121:t S137:a S141:i S226:d S250:a		9.199122428894043	9
h u l S141:i S226:d S231:ē S262:d S275:i		9.277915954589844	8
𐌻 𐌰 𐌲 𐌲 𐌰 𐌼 𐍉 𐌳 𐌴 𐌹 S192:𐌽		9.096860885620117	11
𐌰 𐌽 𐌰 𐌻 𐌰 𐌲 𐌾 𐌰 𐌽 𐌳 S201:𐌴 S206:𐌹 S235:𐌽 S255:𐍃		9.105451583862305	14
𐍆 𐍂 𐌰 𐍅 𐌰 𐍂 𐌳 S155:𐌹 S174:𐌳 S201:𐌴 S230:𐌳 S282:𐌿 S306:𐌼		9.03431510925293	13
𐌼 𐌹 𐌺 𐌹 𐌻 S168:𐌾 S206:𐌹 S218:𐌸		9.591151237487793	8
𐌻 S49:𐌰 S54:𐌹 𐍃		9.089395523071289	4
f r a m a l d r		9.160901069641113	8
𐍃 𐍄 𐌰 𐌿 𐍄 𐌰 S156:𐌽 S174:𐌳 S186:𐌰		9.404630661010742	9
𐌲 𐌰 𐍅 𐌴 𐌹 𐌷 𐌰 𐌹 𐌳 S206:𐌹 S235:𐌽		8.966403007507324	11
m a u r g i n S250:a S283:m		9.324211120605469	9
𐌱 𐌹 𐌱 𐌿 𐌽 𐌳 𐌰 𐌽 S186:𐌰 S192:𐌽 S255:𐍃		9.105884552001953	11
𐌻 𐌰 𐌹 𐍃 𐌹 S174:𐌳 S186:𐌰 S192:𐌽 S255:𐍃		9.13463020324707	9
𐌽 𐌱 𐌹 𐍃 𐍅 S49:𐌰 𐍂 S186:𐌰 S192:𐌽 S230:𐌳 S255:𐍃		7.125155448913574	11
þ a i r h s a i ƕ a n d S197:a		9.160014152526855	13
g a s l e i þ j a S73:i n S197:a		8.959177017211914	12
f ē t j a S141:i S207:m S250:a		9.190495491027832	8
b i s k i n S163:u S228:þ		9.239224433898926	8
u b i l w a u r d S141:i S226:d S231:ē S262:d S269:e S270:i S272:s		9.17486572265625	16
a f a r l a i s t j a n d S187:ō S190:n S250:a		9.090286254882812	16
𐌰 𐌲 𐌻 S206:𐌹 S235:𐌽 S255:𐍃		9.092002868652344	6
𐌱 𐌹 𐌼 𐌰 𐌼 𐍀 𐌾 𐌰 S206:𐌹 S218:𐌸		9.07185173034668	10
u f a r s w a r a S190:n S226:d S250:a		9.204288482666016	12
m i þ f r a h i n þ a S190:n S226:d S250:a		9.329181671142578	14
g a t r a u S137:a S141:i S228:þ		9.004064559936523	9
𐍆 𐍂 𐌰 𐌵 𐌹 𐍃 𐍄 𐌽 S173:𐍉 S174:𐌳 S201:𐌴 S203:𐌳 S204:𐌴 S206:𐌹 S218:𐌸		9.041044235229492	15
u s b S31:ē r S163:u S228:þ		9.263375282287598	7
𐍅 𐌻 𐌰 𐌹 𐍄 𐍉 S156:𐌽 S186:𐌰		9.150188446044922	8
𐌲 𐌿 𐌳 𐌾 𐌹 𐌽 𐍉 S174:𐌳 S186:𐌰		8.886455535888672	9
𐌰 𐌽 𐌳 𐌰 𐌽 𐌴 𐌼 S168:𐌾 S186:𐌰 S206:𐌹 S236:𐌶 S238:𐌴		9.097759246826172	12
m a n a g n S197:a		9.3535795211792	7
𐌷 𐍉 𐍂 𐌹 𐌽 𐍉 S176:𐌼 S186:𐌰		9.261494636535645	8
u n s ē l S244:j S250:a S275:i S283:m		9.18032455444336	9
s w i k u n þ S70:a S73:i S99:z S102:ō s		9.304224967956543	12
w a n d S123:e S141:i		9.184718132019043	6
𐌰 𐌹 𐍂 𐌹 𐌽 𐍉 S157:𐍅 S186:𐌰		9.036248207092285	8
f r a w a u r S132:k S133:j S197:a S226:d S250:a		9.157632827758789	12
𐌿 𐌽 𐍆 𐍂 𐌰 𐌸 𐌾 𐌰 𐌽 𐌳 S54:𐌹 S89:𐌽 𐍃		9.356229782104492	13
𐌽 𐌼 𐌹 𐌸 𐍅 𐌴 𐌹 𐍄 𐍅 𐍉 𐌳 S168:𐌾 S186:𐌰 S192:𐌽 S230:𐌳 S255:𐍃		7.620493412017822	16
r a u S134:d S141:i S272:s		9.087767601013184	6
𐍆 𐌰 𐌿 𐍂 𐌰 𐌼 𐌰 𐌽 𐍅 𐌾 S206:𐌹 S235:𐌽 S294:𐌰		9.086129188537598	13
u s S141:i S226:d S240:d S244:j S260:ē S262:d S297:u		9.205639839172363	9
𐍅 𐌰 𐌲 S155:𐌹 S174:𐌳 S201:𐌴 S230:𐌳 S282:𐌿		9.081781387329102	8
f r a b u g j S141:i S228:þ		9.146183013916016	9
s ō k j a S141:i S190:n S226:d S250:a		9.348917007446289	9
𐍆 𐌰 𐍃 𐍄 𐌰 S155:𐌹 S174:𐌳 S186:𐌰		9.002198219299316	8
𐌱 𐌹 𐌼 𐌰 𐌹 𐍄 S186:𐌰 S206:𐌹 S230:𐌳 S280:𐌰 S282:𐌿		9.052863121032715	11
g a g a m a i n S141:i S226:d S231:ē S262:d S275:i		8.9508056640625	13
g a m a r k ō S228:þ		8.958819389343262	8
𐌱 𐌰 𐌻 𐌸 S168:𐌾 S186:𐌰 S206:𐌹 S230:𐌳 S294:𐌰		9.062848091125488	9
𐌹 𐌽 𐌱 𐍂 𐌰 𐌽 𐌽 S155:𐌹 S174:𐌳 S201:𐌴 S203:𐌳 S204:𐌴 S206:𐌹 S265:𐌼		9.154311180114746	14
f r a m a þ i S226:d S250:a S261:n S272:s		9.179408073425293	11
t a i k n j a S141:i S226:d S250:a S297:u		8.99502944946289	11
g a m a n w i S226:d S250:a S275:i S276:z S298:ē		8.98862361907959	12
g a k a n n S141:i S226:d S231:ē S262:d S263:u S268:t S272:s		8.938297271728516	13
g r S44:e S73:i t S137:a S141:i S246:w S250:a		8.7152681350708	9
g a d a i l i S134:d S141:i S272:s		8.979315757751465	10
𐌽 𐍅 S49:𐌰 𐌷 𐍃 S168:𐌾 S186:𐌰 S192:𐌽 S230:𐌳 S255:𐍃		7.277379035949707	10
𐌲 𐌰 𐌽 𐍉 𐌷 𐌾 𐌰 𐌽 𐌳 S54:𐌹 S89:𐌽 𐍃		8.992968559265137	12
f a u r l a g i S226:d S250:a S261:n S272:s		9.209257125854492	12
h a u n S244:j S250:a S256:i S268:t S272:s		9.35438060760498	9
𐌺 𐌿 𐌺 𐌾 𐌰 S156:𐌽 S174:𐌳 S186:𐌰		9.285566329956055	8
a f l S70:a n n		8.933316230773926	6
q S73:i þ S137:a S190:n S226:d S250:a		10.42036247253418	7
𐌻 𐌹 𐌿 𐌸 𐍉 S156:𐌽 S174:𐌳 S186:𐌰		9.129005432128906	8
𐌲 𐌰 𐌷 𐌿 𐌻 S155:𐌹 S174:𐌳 S201:𐌴 S230:𐌳 S282:𐌿 S303:𐌸		8.98205280303955	11
𐌲 𐌰 𐌳 𐍂 𐌹 𐌿 𐍃 S186:𐌰 S206:𐌹 S214:𐍄 S255:𐍃		8.946329116821289	11
𐌽 𐌰 g a r m S189:ā S190:n S226:d S272:s		6.380293846130371	10
g a b r u k a n S250:a S283:m		8.953352928161621	10
g a l S163:u S287:k S297:u		8.855999946594238	6
𐍆 𐍂 𐌰 𐍅 𐌿 𐌻 𐍅 𐌰 𐌽 S173:𐍉 S194:𐌼		8.99252700805664	11
𐌰 𐌽 𐌳 𐍄 𐌹 𐌻 𐍉 𐌽 𐌳 S186:𐌰 S192:𐌽 S238:𐌴		9.089666366577148	12
𐌿 𐍃 𐌷 S54:𐌹 𐌽 𐌸 S186:𐌰 S206:𐌹 S237:𐍅 S294:𐌰		9.315120697021484	10
𐌱 𐌹 𐌲 𐌹 𐍄 S201:𐌴 S206:𐌹 S214:𐍄 S255:𐍃		9.09842300415039	9
𐌸 𐌹 𐌿 𐌳 S173:𐍉 S206:𐌹 S265:𐌼		9.509583473205566	7
þ a u r n e i n S70:a S88:n s		9.166295051574707	11
l a i s S133:j S137:a S141:i S207:m S250:a		9.183462142944336	9
a m i d g a r d i w a d j S61:ō s		6.463740348815918	15
𐌲 𐌰 𐍅 𐍂 𐌹 𐌺 S186:𐌰 S206:𐌹 S230:𐌳 S280:𐌰 S282:𐌿		8.94214916229248	11
m ē r i S226:d S250:a S283:m		9.365138053894043	7
g a g a h a f t S133:j S141:i S190:n S250:a		8.932559967041016	12
g a m a r z i S226:d S250:a S275:i		8.970084190368652	10
g a b l i n d j a S226:d S250:a		8.901384353637695	11
𐌱 𐌹 𐍂 𐍉 𐌳 S155:𐌹 S174:𐌳 S201:𐌴 S203:𐌳 S206:𐌹 S235:𐌽 S294:𐌰		9.045141220092773	12
f a i h u g a w a u r k S244:j S250:a S286:n S298:ē		9.211886405944824	16
𐌷 𐍂 𐍉 𐌸 𐌴 𐌹 𐌲 S186:𐌰		9.247933387756348	8
𐍂 𐌰 𐌹 𐌷 𐍄 S186:𐌰 S214:𐍄 S294:𐌰		9.051265716552734	8
𐌲 𐌰 𐌰 𐌹 𐌽 𐌰 𐌹 S169:𐌳 S173:𐍉 S194:𐌼		8.978187561035156	10
𐌲 𐌰 𐍆 𐌿 𐌻 𐌻 S206:𐌹 S230:𐌳 S238:𐌴 S281:𐌳 S282:𐌿		8.92989730834961	11
h a r d i z S212:ō		9.369549751281738	7
𐌲 𐌰 𐌱 𐍂 𐌹 𐌺 𐌰 𐌽 𐌳 S201:𐌴 S206:𐌹 S265:𐌼		8.961368560791016	12
a u h n S231:ē		8.96428108215332	5
𐌿 𐍃 𐌺 𐌿 𐍃 𐌰 𐌽 S186:𐌰 S206:𐌹 S236:𐌶 S238:𐌴		9.35006046295166	11
u s d a u d S133:j S141:i S228:þ		9.231657028198242	9
𐌰 𐍂 𐌱 𐌰 𐌹 𐌳 S201:𐌴 S206:𐌹 S214:𐍄 S255:𐍃		9.073119163513184	10
a f h l S61:ō þ S123:e S141:i S272:s		8.937975883483887	9
𐌲 𐌰 𐍄 𐌴 𐌹 𐌷 𐌰 𐌽 𐌳 S186:𐌰 S192:𐌽 S238:𐌴		8.948892593383789	12
𐌼 𐌹 𐌻 𐌹 𐍄 𐍉 S156:𐌽 S186:𐌰		9.649680137634277	8
u s S130:g S137:a S150:g S239:g S249:g S250:a		9.2110595703125	8
𐌿 𐍆 𐌰 𐍂 𐌰 𐍃 𐍃 𐌿 𐍃		9.344493865966797	9
𐍅 𐌴 𐌹 𐍄 𐍅 𐍉 S174:𐌳 S186:𐌰 S194:𐌼		9.052199363708496	9
𐌷 𐌰 𐍆 𐌰 𐌽 S201:𐌴 S206:𐌹 S235:𐌽 S305:𐍉		9.284472465515137	9
𐍅 𐌰 𐌹 S186:𐌰 S230:𐌳 S294:𐌰		9.117633819580078	6
𐌷 𐌰 𐌻 𐌾 S173:𐍉		9.276459693908691	5
𐌷 𐌹 𐌽 𐌳 𐌰 𐍂 𐍅 𐌴 𐌹 𐍃 S173:𐍉 S192:𐌽 S238:𐌴		9.318618774414062	13
𐌲 𐌰 𐍆 𐌿 𐌻 𐌷 𐌰 𐌽		8.95809268951416	8
𐍃 𐌰 𐌿 𐍂 𐌹 𐌽 S177:𐌾 S186:𐌰		9.396956443786621	8
a t r i n n a S141:i S190:n S250:a		8.976826667785645	10
𐌰 𐍄 𐌷 𐌰 𐌷 𐌰 𐌽 S186:𐌰 S206:𐌹 S236:𐌶 S238:𐌴		9.113871574401855	11
a t n S141:i S207:m		8.982839584350586	5
𐌻 S49:𐌰 S54:𐌹 𐍃		9.103769302368164	4
g a n a g l j a n d S250:a S286:n		8.943334579467773	12
𐌱 𐌹 𐍃 S49:𐌰 S54:𐌹 𐍈 S186:𐌰 S206:𐌹 S214:𐍄 S255:𐍃		9.049683570861816	10
m i d j S212:ō		9.257049560546875	5
𐌲 𐌰 𐍅 𐌰 S54:𐌹 𐍂 𐍀 S186:𐌰 S192:𐌽 S230:𐌳 S294:𐌰		8.965086936950684	11
𐌲 𐌰 𐌷 𐌿 𐌻 S54:𐌹 S87:𐌳 𐌰		8.914868354797363	8
g a h a f t n S187:ō S226:d S250:a		8.754870414733887	10
g a l i s S141:i S220:t S272:s		8.803155899047852	8
𐍆 𐍂 𐌰 𐌻 𐌴 𐌹 𐍄 𐌰 S206:𐌹 S218:𐌸		9.00813102722168	10
𐌳 𐌹 𐌲 𐌰 𐌽 𐌳 S233:𐍉		9.25540542602539	7
𐌷 𐌰 𐍆 𐌰 𐌽 S77:𐍉 S89:𐌽 𐍃		9.276228904724121	8
l e i k e i n S73:i s		9.181551933288574	9
𐌲 𐍉 𐌳 𐌰 𐌺 𐌿 𐌽 𐌳 S173:𐍉 S192:𐌽 S238:𐌴		8.957670211791992	11
𐌼 𐌹 𐍄 S201:𐌴 S206:𐌹		9.595109939575195	5
b a i d j S141:i S220:t S272:s		9.239338874816895	8
𐌽 a f s k a i d S250:a S261:n S262:d S272:s		5.993775367736816	12
𐌱 𐌹 𐌸 𐍂 𐌰 𐌲 S168:𐌾 S186:𐌰 S230:𐌳 S294:𐌰		9.032596588134766	10
u r r a n n S133:j S197:a S226:d S250:a		9.217208862304688	10
𐌰 w a i l a s p i l l ō S190:n S226:d S272:s		6.519331932067871	15
𐌳 𐍂 𐌿 𐌲 𐌺 𐌰 𐌽 S186:𐌰 S194:𐌼		9.284311294555664	9
u s d a u d e i S190:n		9.207926750183105	9
l i s t e i g S250:a S256:i S257:z S258:ō S272:s		9.162137031555176	12
d u r i n n a S226:d S250:a		9.086053848266602	9
d r a g k S187:ō S190:n S250:a		9.144426345825195	8
h a u n i þ a		9.289976119995117	7
𐌲 𐌰 𐍅 𐌰 𐍃 𐌾 𐌰 S175:𐌹 S176:𐌼 S186:𐌰		8.936579704284668	10
𐍃 𐌺 𐌰 𐌻 𐌾 S173:𐍉		9.448755264282227	6
w e i p S141:i S220:t S272:s		8.991357803344727	7
f i d u r d ō g S197:a S220:t S250:a		9.192992210388184	11
𐌳 𐌿 𐌰 𐍄 𐍂 𐌹 𐌽 𐌽 𐌰 𐌽 𐌳 S54:𐌹 S89:𐌽 𐍃		9.264636039733887	14
𐌿 𐍃 𐌺 𐌰 𐌽 𐌽 𐌾 𐌰 S155:𐌹 S174:𐌳 S186:𐌰		9.324087142944336	11
𐌿 𐍃 𐌵 S54:𐌹 𐌼 S186:𐌰 S206:𐌹 S265:𐌼 S294:𐌰		9.319171905517578	9
g S70:a k a n n S244:j S250:a S256:i S268:t S272:s		8.890460968017578	11
u r r a i s j a n d S212:ō		9.228132247924805	11
m i s s a l e i k S278:ō S285:s		9.315778732299805	11
g S70:a d r a b S137:a S141:i S207:m S250:a		8.86428165435791	10
𐌷 𐌰 𐌿 𐍃 𐌾 𐍉 𐌽 𐌳 S186:𐌰 S192:𐌽		9.253397941589355	10
g a s t S250:a S261:n S262:d S275:i S284:þ		8.837774276733398	9
w a n S250:a S283:m S302:m S304:a		9.340472221374512	7
𐌲 𐌰 𐍅 𐍂 𐌹 𐍃 𐌵 S186:𐌰 S206:𐌹		8.942035675048828	9
f r a d a i l i S226:d S278:ō S283:m		9.194345474243164	11
g a s l ē p S137:a S141:i S226:d S250:a S297:u		8.845730781555176	11
u n s ē l e i S190:n S272:s		9.17929744720459	9
𐌻 S42:𐌴 S46:𐍃 S52:𐌴 S54:𐌹 𐍃		9.061185836791992	6
u s f u l l n S187:ō S226:d S231:ē S291:d S297:u		9.224035263061523	12
h a n s a S141:i S272:s		9.260576248168945	7
g a t S31:ē m S123:e S141:i S272:s		8.912690162658691	8
b i h a i t j a S190:n S250:a		9.201811790466309	10
𐌿 𐍃 𐌷 𐍂 𐌹 𐍃 S168:𐌾 S206:𐌹 S214:𐍄 S255:𐍃		9.312679290771484	10
𐌲 𐌰 𐍃 𐌺 𐌰 𐌹 𐌳 𐌽 S173:𐍉 S174:𐌳 S201:𐌴 S203:𐌳 S204:𐌴 S206:𐌹		8.960855484008789	14
g a l ē w j a S141:i S228:þ		8.915536880493164	9
a i r z S133:j S137:a S141:i S226:d S250:a		8.936137199401855	9
𐌷 𐌰 𐍂 𐌳 𐌹 𐌶 S206:𐌹 S235:𐌽		9.063639640808105	8
𐌲 𐌰 𐌸 𐌻 𐌰 𐌷 𐍃 𐌽 𐌰 S155:𐌹 S156:𐌽 S186:𐌰		9.011309623718262	12
ƕ a i r b a n d S187:ō S190:n S250:a		10.497237205505371	11
s a l b ō S226:d S250:a		9.346475601196289	7
𐍃 𐌺 𐌴 𐌹 𐍂 𐌴 𐌹 𐌽 S186:𐌰 S206:𐌹 S265:𐌼		9.455097198486328	11
𐌲 𐌰 𐍃 S56:𐌿 𐌲 𐌲 𐌵 S201:𐌴 S206:𐌹		8.95616626739502	9
w l i t S70:a S88:n s		9.206461906433105	7
𐌳 𐌰 𐌿 𐌸 𐌿 𐌱 𐌻 S168:𐌾 S186:𐌰 S194:𐌼 S265:𐌼 S294:𐌰		9.262157440185547	12
f a i r w e i t j S141:i S220:t S272:s		9.178492546081543	12
𐌷 𐌹 𐌽 𐌳 𐌰 𐍂 𐌻 S52:𐌴 𐌹 𐌸 S186:𐌰 S206:𐌹 S237:𐍅 S294:𐌰		9.340349197387695	14
𐌿 𐍃 𐌻 𐌿 𐍄 𐍉 S174:𐌳 S201:𐌴 S203:𐌳 S206:𐌹		9.34346866607666	10
g a f a s t S137:a S141:i S226:d S231:ē S262:d S275:i		8.930761337280273	12
𐌰 𐌹 𐍂 𐌶 S168:𐌾 S186:𐌰 S214:𐍄 S294:𐌰		8.996146202087402	8
g a s k e i r i S226:d S250:a		8.877114295959473	10
g a t u l g S133:j S137:a S141:i S226:d S250:a S297:u		8.922039985656738	12
𐌲 𐌰 𐍃 𐌺 𐌰 𐍆 𐍄 S201:𐌴 S206:𐌹		8.899829864501953	9
𐌲 𐌰 𐌸 𐌻 𐌰 𐌹 𐌷 𐌰 S156:𐌽 S174:𐌳 S186:𐌰		8.977005958557129	11
l i u h a d e i n S197:a S272:s		9.187580108642578	11
𐌲 𐌰 𐍃 𐌹 𐌲 𐌻 𐌹 S169:𐌳 S173:𐍉 S180:𐌽 S186:𐌰		8.968032836914062	11
𐌸 𐌰 𐌿 𐍂 𐌱 𐌰 𐌽 𐌳 S201:𐌴 S206:𐌹 S265:𐌼		9.502779006958008	11
𐌷 𐌿 𐌲 S155:𐌹 S174:𐌳 S201:𐌴 S230:𐌳 S282:𐌿 S306:𐌼		9.215455055236816	9
𐌲 𐍉 𐌳 𐌰 𐌺 𐌿 𐌽 𐌳 S206:𐌹 S255:𐍃		8.97664737701416	10
a t h a i t a n d S197:a		9.015385627746582	10
b l i g g w a S141:i		9.121862411499023	8
l a i s j a n d S141:i S190:n		9.184330940246582	10
a r ƕ a z n S250:a S275:i S283:m		9.057759284973145	9
ō g a n d S187:ō S190:n S250:a		9.539231300354004	8
𐌰 𐍄 𐌷 S49:𐌰 𐍆 S168:𐌾 S206:𐌹		9.076577186584473	7
𐌰 𐌽 𐌰 𐍃 𐍄 𐍉 𐌳 𐌴 𐌹 𐌽 S186:𐌰 S206:𐌹 S265:𐌼		9.097688674926758	13
𐌲 𐌰 𐍅 S54:𐌹 𐌲 S186:𐌰 S230:𐌳 S294:𐌰		8.929200172424316	8
l S141:i S239:g S249:g S250:a		9.050882339477539	5
a f t u m S187:ō S190:n S272:s		8.98476791381836	8
a t b S70:a S73:i r S137:a S141:i S226:d S250:a S297:u		8.957865715026855	11
𐌿 𐍂 𐍂 𐌹 𐍃 S143:𐌿 S218:𐌸		9.33156967163086	7
𐌺 𐌰 𐌿 𐍀 𐌰 𐍄 S201:𐌴 S206:𐌹 S218:𐌸		9.22232723236084	9
g u l þ e i n S197:a S220:t S250:a		8.912410736083984	10
s a i ƕ a S141:i S207:m S250:a		9.341509819030762	8
𐌿 𐍃 𐌻 S52:𐌴 S55:𐍄 𐌰 S206:𐌹 S214:𐍄 S255:𐍃		9.299860954284668	9
ū t S141:i S226:d S240:d S244:j S260:ē S262:d S297:u		10.365296363830566	9
𐍃 𐌰 𐌺		9.289246559143066	3
𐍅 𐌰 𐌻 S155:𐌹 S174:𐌳 S201:𐌴 S203:𐌳 S206:𐌹		9.09492015838623	8
𐍂 𐍉 𐌳 𐌹 S174:𐌳 S206:𐌹 S255:𐍃		9.071401596069336	7
g a j i u k S250:a S256:i S268:t S272:s		8.912181854248047	10
𐌲 𐌰 𐍅 𐌰 S56:𐌿 𐍂 𐍀 S143:𐌿		8.955350875854492	8
f a u r a m ē l S244:j S250:a S256:i S268:t S272:s		9.205737113952637	13
𐍃 𐍄 𐌰 𐌿 𐌰 S156:𐌽 S173:𐍉		9.359740257263184	7
𐍆 𐌰 𐌹 𐍂 𐌹 𐌽 𐍉 𐌽 𐌳 S201:𐌴 S206:𐌹 S235:𐌽 S255:𐍃		8.998285293579102	13
𐍃 𐍄 𐌰 𐌿 𐌰 𐍃 𐍄 𐍉 𐌻 S186:𐌰 S194:𐌼		9.416387557983398	11
w i h S123:e S141:i S272:s		9.23620891571045	6
𐍃 𐍅 𐍉 𐌲 𐌰 𐍄 S168:𐌾 S186:𐌰 S206:𐌹 S214:𐍄 S255:𐍃		9.401202201843262	11
f u l l a w e i s S133:j S137:a S141:i S207:m S250:a		9.155097961425781	14
s t a i r ō S190:n		9.294160842895508	7
a f d u m b n S187:ō S226:d S250:a		9.005732536315918	10
d r a k m a S190:n S272:s		9.138572692871094	8
𐌲 𐌰 𐌺 𐌰 𐌽 𐌽 S155:𐌹 S174:𐌳 S201:𐌴 S230:𐌳 S282:𐌿		8.935519218444824	11
m a u r n S250:a S275:i S284:þ		9.34517765045166	8
𐌰 𐌹 𐌷 𐌰 𐌽 𐌳 S54:𐌹 S89:𐌽 𐍃		9.0722074508667	9
𐌷 𐌰 𐌿 𐌷 𐌹 𐍃 𐍄 S186:𐌰 S194:𐌼 S265:𐌼 S294:𐌰		8.839616775512695	11
i n a l j a n ō S207:m S250:a		9.406155586242676	10
𐌲 𐌰 𐍃 𐍅 𐌹 𐌽 𐌸 𐌽 S186:𐌰 S206:𐌹 S235:𐌽 S294:𐌰		8.99267292022705	12
f a i r ƕ S133:j S197:a		9.14210033416748	7
a b a n d w S244:j S250:a S261:n S262:d S272:s		6.03170919418335	11
u n þ i u þ S187:ō S190:n S250:a		9.164714813232422	9
𐌱 𐍂 S49:𐌰 𐍈 S173:𐍉 S180:𐌽 S186:𐌰		9.043402671813965	7
u f b r S73:i n n		9.205078125	7
i b n a s s S70:a u s		9.438554763793945	9
𐍆 𐍂 𐌰 𐌻 𐌹 𐌿 𐍃 𐌰 𐌽 𐌳 S201:𐌴 S206:𐌹 S235:𐌽 S255:𐍃		9.000105857849121	14
𐍃 𐌰 𐌼 S155:𐌹 S174:𐌳 S201:𐌴 S203:𐌳 S206:𐌹		9.398719787597656	8
𐌲 𐌰 𐌷 𐌰 𐌿 𐍃 S155:𐌹 S174:𐌳 S201:𐌴 S203:𐌳 S204:𐌴 S206:𐌹 S265:𐌼		8.96042251586914	13
𐌷 𐌻 𐌰 𐌷 𐌾 𐌰 𐌽 𐌳 S186:𐌰		9.274415969848633	9
𐍃 𐍅 𐌹 𐌲 𐌻 𐍉 S174:𐌳 S201:𐌴 S230:𐌳 S251:𐌿 S253:𐍄 S255:𐍃		9.386969566345215	12
f r a u j i n ō n d S197:a		9.1883544921875	11
𐌰 𐍂 𐌱 𐌰 𐌹 𐌳 S201:𐌴 S206:𐌹 S218:𐌸		9.086186408996582	9
h a u h h a i r t S250:a S261:n S272:s		9.36349105834961	12
s i u j a S141:i S226:d S231:ē S262:d S275:i		9.224331855773926	10
𐍆 𐌹 𐍃 𐌺 𐍉 S174:𐌳 S186:𐌰		8.952126502990723	7
𐌻 𐌰 𐌹 S157:𐍅 S201:𐌴 S206:𐌹		9.008100509643555	6
𐌰 𐍆 𐌷 𐌿 𐌲 S168:𐌾 S186:𐌰 S206:𐌹		9.063726425170898	8
r i q i z e i n S250:a S261:n S272:s		9.04891586303711	11
𐌻 𐌰 𐌿 𐌲 𐌽 S201:𐌴 S206:𐌹 S218:𐌸		9.090476989746094	8
g a h r a i n j a n d S250:a S286:n		8.940215110778809	13
𐌿 𐍃 𐌵 𐌹 𐍃 𐍄 𐌹 S174:𐌳 S186:𐌰		9.326821327209473	9
s a i S272:s S278:ō		9.402628898620605	5
a f n i m a n d S144:s		9.02690601348877	9
𐌱 𐍂 𐌿 S166:𐌺 S168:𐌾 S186:𐌰 S206:𐌹 S237:𐍅 S294:𐌰		8.965536117553711	9
g a h r a i n S141:i S226:d S250:a		8.912192344665527	10
𐍅 𐌰 𐌺 𐌰 𐌽 𐌳 S206:𐌹 S235:𐌽		9.024652481079102	8
𐌿 𐍆 𐌰 𐍂 𐌲 𐌰 𐌲 𐌲 S206:𐌹 S218:𐌸		9.323202133178711	10
𐍆 𐍂 𐌰 𐌳 𐌰 𐌹 𐌻 S168:𐌾 S186:𐌰 S192:𐌽 S230:𐌳 S294:𐌰		9.029370307922363	12
u r r i s a n S197:a S220:t S250:a		9.246526718139648	10
𐌰 𐌽 𐌰 𐍃 𐌻 𐌴 𐍀 S206:𐌹 S230:𐌳 S238:𐌴 S281:𐌳 S282:𐌿		9.066306114196777	12
𐌿 𐍃 𐌽 𐌿 𐌼 𐌰 𐌽 S173:𐍉 S194:𐌼		9.365522384643555	9
s l ē p a n d S212:ō		9.369041442871094	8
s t a S139:u S141:i S190:n S226:d S250:a		9.29711627960205	8
l a þ ō S228:þ		9.204093933105469	5
b i w a i b i S228:þ		9.140470504760742	8
s k S61:ō þ S123:e S141:i S272:s		9.333233833312988	7
𐌳 𐍂 S54:𐌹 𐌿 𐍃 S186:𐌰 S206:𐌹 S214:𐍄 S255:𐍃		9.239426612854004	9
d i s s S31:ē t S141:i		9.103840827941895	7
𐌲 𐌰 𐌱 𐌻 𐌰 𐌿 𐌸 𐌾 𐌰 𐌽 𐌳 S233:𐍉		8.972738265991211	12
𐌰 𐌻 𐌾 𐌰 𐌻 𐌴 𐌹 𐌺 𐍉 S174:𐌳 S206:𐌹 S255:𐍃		9.060354232788086	12
𐍃 𐌹 𐌿 𐌽 S201:𐌴 S206:𐌹		9.313657760620117	6
𐌺 𐌰 𐌿 𐍃 S155:𐌹 S174:𐌳 S201:𐌴 S203:𐌳 S206:𐌹		9.294682502746582	9
𐍆 𐍂 𐌰 𐍅 𐌰 S206:𐌹 S208:𐌻 S210:𐍉 S214:𐍄 S282:𐌿		8.996268272399902	10
𐌲 𐌰 𐍄 𐌰 𐌹 𐌷 𐌰 𐌽 S233:𐍉		8.967751502990723	9
𐌼 𐌰 𐌽 𐌰 𐌲 𐌴 𐌹 S156:𐌽 S173:𐍉		9.595754623413086	9
w a s i S134:d S197:a S220:t S250:a		9.302560806274414	8
þ i u þ e i n S250:a S275:i S283:m		9.109160423278809	10
𐌰 𐌹 𐌽 𐌰 𐌷 S186:𐌰 S192:𐌽 S294:𐌰		9.072105407714844	8
h a i t a n S250:a S283:m S302:m S304:a		9.4293851852417	10
𐍆 𐌿 𐌻 𐌻 𐌽 𐌰 𐌽 𐌳 S206:𐌹 S235:𐌽		8.98119831085205	10
𐌿 𐍆 𐌰 𐍂 𐌰 𐍃 𐍃 S168:𐌾 S186:𐌰 S206:𐌹 S265:𐌼 S294:𐌰		9.361200332641602	12
𐌷 𐌿 𐌷 S168:𐌾 S206:𐌹 S214:𐍄 S255:𐍃		9.226473808288574	7
𐌲 𐌰 𐍃 𐌺 𐌴 𐌹 𐍂 𐌾 𐌰 𐌽 𐌳 S186:𐌰 S192:𐌽		8.957721710205078	13
d i s s k r i t S163:u S207:m		9.14710521697998	10
𐌱 𐌹 𐍂 𐍉 𐌳 S168:𐌾 S186:𐌰 S206:𐌹 S218:𐌸		9.010360717773438	9
𐌱 𐌹 𐍂 𐌿 𐌽 𐌰 𐌹 𐌽 S186:𐌰		9.029513359069824	9
𐍆 𐌰 𐌿 𐍂 𐌰 𐍂 𐌰 𐌷 𐌽 𐌾 𐌰 𐌽 𐌳 S54:𐌹 S89:𐌽 𐍃		9.051619529724121	16
w e i h a S190:n		9.176791191101074	6
𐍃 𐍄 𐌰 𐌹 𐌽 S238:𐌴		9.406055450439453	6
𐌲 𐌹 𐌻 𐍃 𐍄 𐍂 𐌰 𐌼 𐌴 𐌻 𐌴 𐌹 𐌽 S186:𐌰 S206:𐌹 S236:𐌶 S254:𐍉 S255:𐍃		8.980034828186035	18
f r a q i s t j a n d S250:a S286:n S298:ē		9.202149391174316	14
w a i r þ S187:ō S190:n S250:a		9.252391815185547	8
𐌲 𐌰 𐍅 𐌰 𐌿 𐍂 S142:𐌷 S183:𐍄 S201:𐌴 S230:𐌳 S282:𐌿 S303:𐌸		8.970183372497559	12
𐍃 𐍅 𐌰 𐌻 𐌰 𐌿 S218:𐌸		9.316634178161621	7
g a h r a i n i S134:d S141:i S190:n		8.93314266204834	11
𐍅 𐌰 𐌿 𐍂 𐌺 𐌾 𐌰 S156:𐌽 S174:𐌳 S186:𐌰		9.117626190185547	10
u s l a i s j a S141:i S226:d S250:a		9.228315353393555	11
𐌲 𐌰 𐌻 𐌹 𐌿 𐌷 𐍄 S201:𐌴 S206:𐌹 S218:𐌸		8.946575164794922	10
g a s a i ƕ a n S250:a S261:n S272:s		8.997076034545898	11
𐌹 𐌽 𐍃 𐌰 𐌺 𐌰 𐌽 S206:𐌹 S235:𐌽		9.117929458618164	9
𐌲 𐌰 𐌱 𐌰 𐌹 𐍂 𐌷 𐍄 𐌹 S174:𐌳 S186:𐌰 S192:𐌽 S255:𐍃		8.993609428405762	13
𐌳 𐍅 𐌰 𐌻 𐌹 𐌸 S186:𐌰 S206:𐌹 S265:𐌼		9.21560287475586	9
𐌿 𐍄 𐌲 𐌰 𐌲 𐌲 𐌰 S206:𐌹 S214:𐍄 S255:𐍃		9.319659233093262	10
a n a S130:g S137:a S150:g S239:g S137:a S141:i S190:n S250:a		9.051154136657715	11
a n d a b e i t S187:ō S190:n S250:a		9.012575149536133	11
n ē þ l a S141:i S207:m		9.05744743347168	7
u n w ē r S133:j S137:a S190:n S226:d S250:a		9.169248580932617	10
s l S73:i u p S137:a S141:i S226:d S250:a S297:u		9.357089042663574	10
𐌲 𐌰 𐍆 𐍂 𐌹 𐌸 𐍉 S214:𐍄 S255:𐍃		8.93709945678711	9
g r S31:ē t S137:a S141:i S207:m S250:a		8.745901107788086	8
𐌻 𐌴 𐌺 𐌹 𐌽 𐌰 𐍃 𐍃 𐌿 𐍃		9.16170883178711	10
f r a q i þ a n S250:a S261:n S272:s		9.194353103637695	11
b i l S141:i S159:b S163:u S207:m		9.207232475280762	7
𐌱 𐌹 𐍂 𐌹 𐌽 𐌽 S206:𐌹 S218:𐌸		9.049452781677246	8
a i r þ a S141:i		8.880353927612305	6
g a b ō t S123:e S141:i S228:þ		8.93715763092041	8
a n d a n e i þ S197:a		9.028512954711914	9
g a l ē k i n ō S226:d S250:a S275:i		8.933753967285156	11
𐌻 𐌹 𐌿 𐍄		9.146449089050293	4
𐍆 𐍂 𐌰 𐌵 𐌹 𐍃 𐍄 S201:𐌴 S206:𐌹 S218:𐌸		9.027631759643555	10
𐌲 𐌰 𐍃 𐌿 𐍀 𐍉 S176:𐌼 S186:𐌰		8.913130760192871	8
g a m a r z i S226:d S250:a S283:m S302:m S304:a		8.971760749816895	12
þ a u r s i S228:þ		9.200993537902832	7
𐍆 𐍂 𐌰 𐌷 S56:𐌿 𐌽 𐌸 S143:𐌿 S194:𐌼		9.028099060058594	9
𐌿 𐍃 𐍆 𐌹 𐌻 𐌷 𐌰 S175:𐌹 S176:𐌼 S186:𐌰		9.314568519592285	10
𐌲 𐌰 𐍄 𐌰 𐌹 𐌷 𐌰 𐌽 S186:𐌰 S206:𐌹 S236:𐌶 S238:𐌴		8.986000061035156	12
d i w a n S187:ō S190:n S272:s		9.12095832824707	8
𐌿 𐍃 𐌽 S54:𐌹 𐌼 S186:𐌰 S206:𐌹 S229:𐌽 S230:𐌳 S294:𐌰		9.346208572387695	10
𐌿 𐍃 𐌷 𐌰 𐌹 𐍄 𐌰 S156:𐌽 S174:𐌳 S186:𐌰		9.321508407592773	10
f a i h u g e i g ā S207:m S250:a		9.210886001586914	12
𐌳 𐍂 𐌰 𐌲 𐌺 S206:𐌹 S230:𐌳 S238:𐌴 S281:𐌳 S282:𐌿		9.207071304321289	10
g a b r S73:i k S137:a S141:i S207:m S250:a		8.874214172363281	10
b i w u n d a n S197:a		9.161853790283203	9
a n a n a n þ j a S73:i n S197:a		9.061756134033203	12
s t i k S197:a		9.240767478942871	5
𐌲 𐌰 𐌻 𐌰 𐌿 𐌱 𐌹 S218:𐌸		8.954041481018066	8
𐌰 𐌹 𐍂 𐌸 𐌰 𐌺 𐌿 𐌽 𐌳 S173:𐍉 S192:𐌽 S238:𐌴		9.084335327148438	12
a f l a g j a n d S123:e S141:i S207:m		9.052471160888672	12
s u n j e i n S141:i S190:n		9.283052444458008	9
𐌲 𐌿 𐌳 𐌾 𐌹 𐌽 𐍉 S174:𐌳 S201:𐌴 S203:𐌳 S206:𐌹		8.879218101501465	11
𐌳 𐌰 𐌿 S148:𐌱 S186:𐌰 S206:𐌹 S236:𐌶 S238:𐌴		9.332550048828125	8
d u r S86:u n n S123:e S141:i S272:s		9.095152854919434	9
h l i f a S141:i S228:þ		9.182975769042969	7
𐍆 𐌰 𐌿 𐍂 𐍃 𐌹 𐌲 𐌻 S168:𐌾 S186:𐌰 S206:𐌹 S237:𐍅 S294:𐌰		9.03268051147461	13
a f b l i n d n a S141:i S246:w S250:a		9.020848274230957	12
f a i r g r i p S163:u S228:þ		9.227201461791992	10
𐌰 𐌼 𐌰 𐌿 𐍂 𐌸 𐍂 S168:𐌾 S186:𐌰 S192:𐌽 S230:𐌳 S255:𐍃		7.063018798828125	12
𐌲 𐌰 𐍄 𐍂 𐌿 𐌳 𐌰 S155:𐌹 S174:𐌳 S201:𐌴 S203:𐌳 S206:𐌹		8.934184074401855	12
a n a h a b S137:a S141:i S226:d S231:ē S262:d S297:u S307:þ		9.145646095275879	13
a f h r i s S244:j S250:a S256:i S268:t S272:s		9.039763450622559	11
s a i S250:a S256:i S268:t S272:s		9.284016609191895	7
a f h r i s S141:i S226:d S231:ē S262:d S297:u S302:m		9.017309188842773	12
u f a r s k a d w j a n S226:d S250:a		9.213178634643555	14
